read      223.9    92.2    86.8   139.5   151.8   213.5   242.6   259.4   271.2   285.8   304.3   334.7   405.8   734.1  3488.5  30008.8    30030  1777548362861  1777548372972
read      227.2    85.9    86.8   146.4   158.1   215.9   243.9   260.5   272.1   286.9   305.8   337.5   418.1   851.6  2946.0  30053.5    30035  1777548374481  1777548384594
read      228.1    95.4    86.8   141.7   154.8   217.4   246.3   263.1   274.6   289.9   309.3   340.2   414.7  1005.2  3380.1  30135.4    30040  1777548386105  1777548396220
read      223.4    83.8    86.8   141.2   153.2   213.4   241.7   258.1   269.9   284.0   301.5   330.9   399.9   697.8  3137.9  30089.9    30045  1777548397731  1777548407842
read      221.7    77.4    86.8   139.5   151.5   211.7   240.7   257.4   269.5   283.8   301.6   331.2   401.0   590.5  2542.6  30098.6    30050  1777548409352  1777548419463
read      220.5    91.2    93.8   142.6   154.0   209.6   236.8   253.6   265.8   279.1   295.7   321.2   383.0   801.0  3824.1  29923.3    30055  1777548420974  1777548431086
read      220.0    77.1    93.8   144.0   154.9   209.5   236.5   253.3   265.3   278.4   294.9   320.2   382.5   723.8  2522.0  30076.2    30060  1777548432597  1777548442709
read      225.3    84.3    93.8   146.5   158.2   215.6   242.8   258.7   270.1   283.7   300.1   326.3   388.1   786.2  3103.3  29999.2    30065  1777548444219  1777548454331
read      217.8    94.7    93.8   141.8   152.6   207.7   234.2   250.5   262.1   274.6   291.2   315.7   370.0   724.9  3598.5  30071.0    30070  1777548455842  1777548465953
read      222.3    82.3    86.8   144.9   156.2   211.9   239.2   255.6   267.7   281.1   297.0   323.1   380.7   745.1  2992.1  30022.1    30075  1777548467463  1777548477576
read      219.4    71.5    93.8   142.9   154.3   210.6   236.8   252.7   264.3   276.8   293.4   318.3   373.7   585.0  2395.2  30078.6    30080  1777548479087  1777548489200
read      216.7    78.2    93.8   144.0   154.8   207.2   232.3   247.5   258.4   271.2   287.7   312.3   368.0   666.9  2738.5  30111.4    30085  1777548490710  1777548500823
read      224.3    88.9    93.8   143.8   155.7   214.7   242.5   258.8   270.2   283.7   300.0   325.3   383.7   818.3  3514.5  30149.2    30090  1777548502334  1777548512446
read      219.0    76.2    86.8   144.5   155.7   209.6   235.5   251.4   262.9   275.2   292.1   316.8   371.1   563.4  2873.1  30158.6    30095  1777548513956  1777548524072
read      223.0    75.7    86.8   144.8   156.6   214.6   241.1   255.9   266.9   278.9   294.6   319.8   389.2   744.4  2714.4  30103.7    30100  1777548525583  1777548535700
read      236.0    82.1    93.8   153.5   166.1   227.3   255.4   270.8   282.0   294.6   312.3   339.5   403.7   762.4  3055.5  30068.3    30105  1777548537211  1777548547323
read      224.8    73.0    93.8   147.6   158.7   215.6   243.4   259.5   270.8   284.2   300.2   325.1   381.4   644.3  2527.9  29996.1    30110  1777548548834  1777548558946
read      219.5    75.3    93.8   145.6   156.7   210.8   235.7   251.2   262.2   274.0   290.4   314.7   369.6   627.2  3030.5  30054.1    30115  1777548560457  1777548570569
read      216.1    69.6    86.8   140.7   150.9   205.7   233.9   251.2   263.4   276.3   293.1   317.5   370.6   519.9  2350.1  30145.5    30120  1777548572080  1777548582194
read      218.6    82.1    93.8   144.8   155.7   209.8   234.5   249.4   260.1   272.3   288.9   313.8   367.7   673.5  3330.0  30108.7    30125  1777548583705  1777548593819
read      226.1    96.6    86.8   149.4   161.2   216.9   242.4   257.1   268.0   280.4   296.0   320.7   384.7   900.6  3385.9  30084.1    30130  1777548595331  1777548605445
