read      224.9    88.4    80.4   136.4   149.1   213.5   244.5   262.5   274.8   290.4   310.4   342.4   425.7   828.8  3284.4  30384.6    30430  1777548117679  1777548127802
read      229.8    97.6    86.8   140.3   153.2   218.2   248.9   266.4   278.6   293.9   314.0   345.7   433.3   911.4  4055.9  30468.3    30435  1777548129313  1777548139440
read      224.2    97.1    86.8   140.1   152.6   213.2   242.6   260.1   272.3   287.1   305.3   333.7   399.5   761.5  3346.5  30461.3    30440  1777548140951  1777548151073
read      223.5    80.5    86.8   144.0   155.6   213.0   241.5   258.4   270.3   284.3   301.0   328.1   391.9   638.6  2973.1  30327.3    30445  1777548152583  1777548162706
read      227.5    82.2    93.8   148.9   160.5   217.4   244.8   261.2   272.6   287.2   305.3   333.2   395.6   661.2  3217.9  30298.1    30450  1777548164216  1777548174340
read      228.4    95.3    86.8   149.2   161.2   218.8   245.5   261.0   271.9   285.6   302.6   330.1   392.7   861.8  3383.1  30498.4    30455  1777548175852  1777548185975
read      224.2    82.0    93.8   145.9   157.4   214.3   241.3   257.3   269.0   282.7   299.7   327.2   389.8   694.6  2851.7  30544.2    30460  1777548187485  1777548197608
read      222.3    81.1    86.8   145.4   156.9   212.6   238.8   254.6   266.4   279.4   295.7   321.1   385.3   759.2  2760.2  30581.4    30465  1777548199118  1777548209239
read      224.7    87.7    93.8   148.5   159.2   214.0   240.8   257.0   268.9   282.8   299.7   326.9   385.1   807.5  3379.1  30474.7    30470  1777548210749  1777548220870
read      220.8    94.0    93.8   141.8   153.2   210.2   237.5   254.0   266.0   279.1   295.4   320.5   381.3   958.4  3724.8  30486.0    30475  1777548222380  1777548232502
read      219.5    82.7    86.8   143.3   155.0   210.1   235.6   251.3   262.6   274.7   291.6   316.4   373.9   727.7  3060.1  30469.6    30480  1777548234011  1777548244135
read      220.2    78.2    86.8   143.3   154.8   210.7   236.9   253.1   264.9   277.7   294.5   319.8   377.7   706.1  2748.0  30561.1    30485  1777548245645  1777548255769
read      225.8    99.7    86.8   143.9   155.8   214.7   242.9   259.7   271.6   286.2   304.5   333.3   397.5  1026.2  3445.8  30431.9    30490  1777548257278  1777548267402
read      218.9    94.5    86.8   141.6   153.2   209.3   235.1   250.8   262.1   274.4   291.5   316.8   375.5   796.2  4046.9  30490.9    30495  1777548268913  1777548279035
read      220.5    99.6    86.8   143.1   154.2   208.9   234.9   250.9   262.5   275.1   292.9   319.9   394.4  1271.4  3893.3  30503.6    30500  1777548280545  1777548290666
Warning! Detected max cpu usage > 95%
CPU Usage Stats (avg/min/max): 83.33%,0.00%,100.00%
#type       avg     std     min      p5     p10     p50     p67     p75     p80     p85     p90     p95     p99    p999   p9999      QPS   target       ts_start         ts_end
read      216.1    83.1    93.8   141.2   151.8   205.3   231.9   247.7   259.1   271.9   288.9   314.8   374.7  1023.2  2959.1  29911.5    30000  1777548293070  1777548303217
read      221.6   119.4    86.8   139.2   150.9   210.4   239.7   256.9   269.1   283.4   301.0   330.1   398.2   678.6  3205.5  30001.7    30005  1777548304728  1777548314857
read      217.5    89.3    86.8   139.1   150.4   207.0   233.9   249.9   261.6   274.4   292.5   320.0   391.9   773.7  3231.3  30033.1    30010  1777548316367  1777548326480
read      226.4    87.2    86.8   143.3   155.3   215.7   244.1   260.6   272.3   287.2   306.5   337.7   414.1   739.5  3033.4  29964.1    30015  1777548327992  1777548338108
read      219.2    87.7    93.8   143.2   154.1   208.4   235.0   251.6   263.5   276.1   293.5   318.9   377.4   714.9  3803.2  30009.4    30020  1777548339619  1777548349728
read      224.5    90.0    86.8   147.9   159.4   214.5   240.6   256.0   267.6   280.6   296.7   323.4   388.8   781.0  3695.8  30062.2    30025  1777548351239  1777548361350
