read      231.3    94.6    86.8   143.8   157.1   220.9   250.4   267.3   279.2   293.6   312.7   342.4   420.9   882.6  3122.7  30146.8    30245  1777547687147  1777547697306
read      228.6    90.1    86.8   145.2   157.9   218.4   246.5   262.7   274.0   288.7   307.1   336.5   407.0   843.5  3596.7  30241.4    30250  1777547698817  1777547708940
read      229.4   120.2    93.8   143.4   155.4   215.3   243.8   260.6   272.7   288.1   308.3   341.9   442.8  1664.9  4267.0  30200.7    30255  1777547710452  1777547720596
read      226.2   105.3    93.8   144.7   156.2   213.1   240.8   257.5   270.1   285.2   304.4   335.8   407.2  1316.5  4228.2  30193.7    30260  1777547722109  1777547732231
read      224.1    87.4    93.8   146.9   158.5   214.9   241.2   256.6   268.0   281.0   297.0   322.9   381.0   623.5  3422.9  30361.5    30265  1777547733743  1777547743865
read      222.1   110.5    93.8   144.9   155.7   210.9   236.9   252.8   264.5   277.4   294.8   321.2   388.3  1152.0  3928.7  30210.3    30270  1777547745376  1777547755497
read      224.7    94.6    80.4   142.8   154.4   213.0   241.2   257.9   270.0   284.7   303.3   333.8   410.2  1033.0  3025.5  30315.8    30275  1777547757006  1777547767128
read      220.9    80.2    93.8   140.7   152.1   210.1   238.4   255.3   267.8   282.0   299.8   329.2   398.8   652.0  2892.1  30270.3    30280  1777547768638  1777547778758
read      229.1   115.3    86.8   141.4   153.6   215.9   246.2   264.1   276.3   291.9   311.9   343.3   426.1  1339.8  4051.6  30264.7    30285  1777547780269  1777547790394
read      218.1    80.6    86.8   139.8   151.0   207.5   234.8   251.2   263.1   276.3   294.9   324.0   395.3   634.8  2722.0  30347.6    30290  1777547791905  1777547802031
read      226.1   107.8    86.8   138.7   150.8   213.1   243.0   260.4   272.7   288.2   308.1   341.3   446.8  1179.4  3885.6  30317.6    30295  1777547803543  1777547813666
read      221.7    90.5    86.8   138.6   150.8   211.4   239.7   256.2   268.2   282.1   299.5   329.6   403.9   763.1  3655.4  30410.4    30300  1777547815176  1777547825296
read      218.3    75.1    86.8   135.2   147.5   208.7   237.6   254.5   267.2   281.5   299.2   328.4   395.7   554.4  2351.8  30225.5    30305  1777547826806  1777547836931
read      221.5    81.6    86.8   135.2   148.6   212.3   242.2   259.2   271.2   285.4   302.8   330.8   396.2   584.6  3009.0  30388.1    30310  1777547838441  1777547848562
read      218.2    79.0    86.8   140.3   152.6   209.7   236.3   252.4   263.8   275.7   292.1   315.4   365.6   536.7  3160.0  30314.6    30315  1777547850071  1777547860193
read      216.0    70.5    86.8   137.8   149.4   206.9   234.9   251.9   263.7   276.1   292.5   316.1   367.0   518.4  2635.3  30259.7    30320  1777547861703  1777547871827
read      221.2    97.7    86.8   138.8   151.2   211.2   240.0   257.0   269.1   282.9   299.3   325.0   383.5   624.2  4628.6  30370.9    30325  1777547873337  1777547883463
read      222.7    84.7    93.8   142.2   153.8   212.6   240.4   257.4   269.5   283.7   300.8   328.0   391.5   673.5  3582.7  30354.2    30330  1777547884976  1777547895102
read      222.5    98.9    86.8   141.4   153.4   212.1   240.5   257.4   269.5   283.8   301.2   329.2   392.0   635.0  3400.0  30350.9    30335  1777547896614  1777547906737
read      222.5    89.6    86.8   139.7   151.6   211.0   240.3   257.7   270.1   285.1   304.0   334.2   402.3   716.0  3261.2  30214.1    30340  1777547908247  1777547918370
read      221.8    91.0    93.8   142.4   154.2   212.0   238.5   254.5   266.6   280.1   296.7   323.7   386.2   678.6  3959.1  30372.9    30345  1777547919880  1777547930011
read      225.5    87.6    93.8   145.3   157.0   214.6   242.1   258.6   270.5   285.0   303.1   332.8   402.7   819.0  3283.2  30408.1    30350  1777547931522  1777547941643
read      232.5    98.8    93.8   148.5   160.5   219.9   249.1   266.3   278.6   293.8   313.8   344.9   433.7   990.0  3398.0  30434.6    30355  1777547943155  1777547953278
read      231.3   107.2    93.8   148.4   159.9   218.8   247.0   263.6   275.0   290.4   310.1   341.5   431.5  1114.8  4214.9  30360.7    30360  1777547954790  1777547964915
read      232.6    93.6    86.8   146.0   158.7   219.9   249.0   266.4   278.9   294.2   315.0   347.9   460.1   942.5  3124.5  30394.8    30365  1777547966429  1777547976551
read      236.0   105.7    86.8   147.2   160.9   224.5   253.7   270.8   283.5   297.6   317.7   349.5   440.0   938.4  4327.4  30361.4    30370  1777547978063  1777547988184
read      232.0    91.8    86.8   146.6   159.5   221.6   250.1   266.5   277.9   292.5   311.6   341.9   428.4   988.0  3102.6  30328.5    30375  1777547989696  1777547999818
read      238.5   112.2    86.8   143.7   157.1   223.2   254.1   272.1   286.1   302.7   326.1   368.4   511.9  1326.8  4279.2  30441.4    30380  1777548001331  1777548011453
read      226.6    81.4    86.8   142.6   154.6   215.2   244.8   262.1   274.1   289.3   308.6   339.8   423.6   788.0  2766.1  30290.5    30385  1777548012964  1777548023091
read      228.4    90.0    93.8   147.6   159.9   218.5   246.4   262.7   273.5   287.6   304.7   331.6   393.9   964.9  3337.3  30373.9    30390  1777548024602  1777548034724
read      227.6    85.2    93.8   147.6   159.5   217.0   244.3   260.1   271.5   285.8   304.1   334.3   410.6   901.2  3069.8  30461.7    30395  1777548036233  1777548046356
read      220.4    78.7    93.8   143.2   154.2   209.6   236.5   253.2   265.4   278.8   295.8   322.4   386.8   840.3  2477.6  30495.4    30400  1777548047869  1777548057994
read      226.9    90.9    93.8   142.5   154.4   215.2   244.1   260.9   272.7   288.2   308.4   342.0   436.5   714.8  3202.3  30373.6    30405  1777548059506  1777548069627
read      232.5   109.5    80.4   139.8   151.5   216.1   249.6   269.5   284.2   301.6   325.5   368.4   487.9   951.7  4376.5  30448.5    30410  1777548071137  1777548081261
read      220.8    93.2    86.8   139.5   150.5   208.8   237.6   254.8   267.5   282.1   300.7   332.1   408.5   742.9  4004.1  30343.7    30415  1777548082773  1777548092893
read      230.0   101.1    93.8   141.7   154.0   218.1   249.5   267.8   280.7   295.5   315.7   346.2   427.3   758.4  3796.2  30391.1    30420  1777548094404  1777548104526
read      220.5    90.9    86.8   137.0   148.6   207.9   237.5   255.5   268.5   283.6   303.2   335.4   415.4   944.7  2968.2  30442.9    30425  1777548106037  1777548116169
