#type       avg     std     min      p5     p10     p50     p67     p75     p80     p85     p90     p95     p99    p999   p9999     QPS   target
read      292.0   115.3    93.8   176.3   193.4   287.2   323.9   341.1   353.6   368.0   387.4   418.7   498.0  1502.4  3922.1   4973.8     5000
read      346.2   386.9    86.8   168.1   194.1   324.8   362.5   382.7   397.6   418.9   448.6   492.6   666.1  7894.5  9744.5  10035.0    10000
read      348.5   160.4    86.8   153.7   180.4   348.1   394.7   423.2   444.7   468.1   497.9   540.8   640.4  1573.2  4938.1  15037.4    15000
read      367.8   152.2    86.8   145.4   171.5   369.7   432.9   465.4   488.0   512.6   543.4   590.1   704.8  1223.1  3135.6  20032.6    20000
read      374.5   169.8    80.4   148.9   171.0   369.6   444.6   482.5   507.4   536.4   572.8   628.5   751.8  1161.0  4313.4  25031.0    25000
read      356.9   160.4    80.4   141.1   161.7   349.3   419.6   460.9   489.6   521.8   558.9   614.8   736.8  1045.0  2894.5  29976.6    30000
read      383.9   200.2    80.4   141.3   163.6   365.9   451.3   496.7   527.2   561.2   604.2   676.4   907.0  1923.3  3940.1  34872.2    35000
read      425.8   271.3    80.4   145.7   173.6   390.9   486.2   535.7   570.5   612.0   670.7   775.8  1304.3  2827.3  7763.7  40122.5    40000
read      490.8   340.5    74.4   155.8   189.4   422.6   534.2   596.6   648.9   725.0   849.3  1067.0  1606.0  2646.4  7927.6  44979.4    45000
read     1414.8   776.0    93.8  1026.1  1080.7  1249.7  1332.8  1387.5  1462.9  1571.1  1787.3  2375.8  7078.5  8101.1  9940.2  48120.4    50000
read     1413.3   761.9   148.8  1046.2  1103.1  1249.4  1321.6  1370.2  1422.8  1504.0  1716.0  2387.6  6978.1  8111.1 10105.5  48637.8    55000
read     1453.1   787.7   137.8  1074.1  1116.3  1268.9  1355.0  1419.8  1485.6  1590.3  1784.1  2436.0  7173.5  8117.2 10217.2  47567.4    60000
read     1402.7   779.3   148.8  1021.5  1059.3  1223.5  1293.4  1364.8  1435.1  1547.3  1849.1  2368.9  6553.9  8122.0 12256.9  49059.4    65000
read     1410.1   773.1   148.8  1043.5  1092.4  1235.8  1301.7  1363.6  1426.1  1534.6  1743.9  2369.4  6985.7  8138.1 10575.9  48978.2    70000
read     1415.7   773.8   148.8  1040.6  1093.5  1248.4  1322.6  1371.9  1427.7  1514.6  1731.0  2380.2  7057.7  8122.6 10488.7  48827.1    75000
read     1483.1   817.4   127.6  1072.8  1119.8  1295.4  1385.2  1469.8  1537.1  1620.5  1817.0  2479.4  7373.3  8137.6 12298.0  46791.0    80000
Warning! Detected max cpu usage > 95%
CPU Usage Stats (avg/min/max): 66.67%,0.00%,100.00%
