#type       avg     std     min      p5     p10     p50     p67     p75     p80     p85     p90     p95     p99    p999   p9999     QPS   target
read      274.9    94.6    86.8   169.3   183.9   268.1   305.9   323.7   336.4   350.3   370.4   399.7   476.8   693.5  3920.9   4999.2     5000
read      322.3   113.2    86.8   167.3   193.0   323.1   360.8   381.0   395.7   414.7   441.4   478.8   570.5  1291.6  2668.7   9994.8    10000
read      332.3   153.7    86.8   153.9   176.6   332.5   377.1   400.5   421.2   445.7   474.1   519.3   614.7  1143.2  3995.8  15005.6    15000
read      349.8   146.9    80.4   150.9   171.7   349.9   402.8   437.3   459.6   484.6   514.8   561.0   667.6  1522.2  3483.5  20056.2    20000
read      381.0   196.4    80.4   146.6   168.9   371.1   447.6   485.7   511.9   541.9   580.7   640.7   831.1  2401.2  3893.1  25100.8    25000
read      374.9   184.6    80.4   145.5   166.6   366.2   447.4   488.3   515.9   545.4   583.1   638.1   774.6  1323.9  4313.1  30069.4    30000
read      369.1   196.7    80.4   140.9   162.3   351.9   430.6   473.9   505.3   539.6   581.5   644.1   814.1  1899.3  4722.7  34899.8    35000
read      388.2   185.4    80.4   147.4   171.6   367.2   456.5   504.4   536.9   573.6   619.2   692.2   874.0  1331.0  3171.9  40012.4    40000
read      482.8   337.9    80.4   158.6   191.2   418.8   529.6   588.9   635.3   703.7   808.6  1035.2  1564.5  2637.5  8024.5  45118.7    45000
read     1424.3   780.5    93.8  1033.5  1083.4  1250.9  1339.3  1407.5  1485.8  1589.9  1761.9  2373.5  7076.4  8123.2 10332.3  48065.2    50000
read     1385.7   750.6   118.1  1029.3  1069.7  1219.2  1278.5  1340.7  1384.4  1491.3  1762.5  2348.3  6131.9  8110.6 10114.0  49574.4    55000
read     1426.1   781.5   160.7  1054.3  1107.1  1254.1  1329.8  1378.3  1445.6  1548.2  1738.7  2395.7  7053.0  8129.7 14134.1  48374.0    60000
read     1432.1   777.6   118.1  1040.9  1094.8  1254.6  1337.9  1389.4  1464.9  1582.1  1841.4  2388.6  7095.3  8114.2 10137.1  48208.4    65000
read     1390.6   753.6   127.6  1027.0  1066.2  1224.4  1287.2  1354.6  1409.6  1508.0  1744.8  2339.4  6615.8  8107.4  9988.6  49506.8    70000
read     1397.8   759.0   118.1  1041.7  1089.7  1231.6  1289.3  1349.5  1388.4  1488.7  1714.2  2357.2  6990.6  8109.3 10153.6  49342.5    75000
read     1408.9   764.9   297.4  1045.1  1094.8  1237.5  1305.8  1365.5  1425.4  1524.2  1729.8  2362.6  6979.2  8123.9 10239.0  48977.5    80000
Warning! Detected max cpu usage > 95%
CPU Usage Stats (avg/min/max): 66.60%,0.50%,100.00%
