#type       avg     std     min      p5     p10     p50     p67     p75     p80     p85     p90     p95     p99    p999   p9999     QPS   target
read      282.0   126.6    93.8   171.0   188.5   276.9   311.9   328.7   340.3   354.4   372.1   401.2   489.2  1390.9  6384.1   4966.2     5000
read      327.3   107.2    86.8   173.1   197.0   327.5   365.3   386.3   401.0   423.4   451.8   492.6   583.8  1241.1  2022.9  10027.0    10000
read      339.9   121.5    86.8   156.2   182.0   342.4   386.7   411.4   432.0   455.3   483.0   525.8   615.6  1086.0  2909.6  15000.4    15000
read      353.9   139.6    86.8   147.2   170.4   356.2   411.2   446.3   468.0   493.8   524.8   570.4   677.3  1120.8  1985.8  20061.2    20000
read      364.4   162.9    80.4   143.5   165.6   363.1   432.8   469.0   494.3   521.8   553.2   602.9   717.3  1203.0  4151.5  25018.6    25000
read      372.9   167.3    80.4   142.7   164.9   366.8   446.5   487.8   514.5   543.5   580.8   635.4   764.2  1145.3  3084.9  30149.7    30000
read      429.4   414.9    80.4   145.2   168.0   372.2   465.4   513.7   545.6   584.0   635.4   757.5  2155.9  4520.7 10494.4  35057.2    35000
read      406.4   253.6    80.4   148.5   173.6   378.6   472.7   522.6   555.3   593.7   643.5   731.9   997.6  1770.1  8912.0  40038.2    40000
read      505.9   357.1    80.4   156.9   190.1   432.4   550.9   620.2   679.2   763.2   898.1  1115.2  1655.9  2871.3  7926.2  44978.7    45000
read     1367.8   800.6    80.4   613.9  1013.0  1244.8  1331.0  1383.6  1450.7  1542.9  1729.4  2368.3  6533.6  8122.5 10624.0  48049.6    50000
read     1413.3   767.3   127.6  1049.1  1102.3  1246.7  1315.5  1364.1  1409.5  1495.7  1727.4  2386.8  7024.0  8113.7 10623.6  48771.0    55000
read     1371.3   737.9   118.1   957.5  1011.1  1219.1  1309.6  1372.3  1441.1  1548.9  1769.1  2293.0  4023.9  8116.9 10158.1  49992.2    60000
read     1424.7   757.5   187.4  1054.1  1106.0  1253.0  1330.5  1380.3  1447.9  1547.3  1759.3  2406.9  6774.3  8114.8 10167.8  48319.0    65000
read     1330.1   721.1   118.1   945.5   986.4  1180.8  1267.9  1333.3  1382.8  1485.7  1732.5  2206.8  3391.6  8117.1 12072.1  51509.6    70000
read     1477.9   843.3   255.0   998.4  1054.2  1275.0  1387.3  1487.9  1585.2  1727.6  2021.3  2455.9  7393.5  8135.5 12301.1  46996.0    75000
read     1440.0   786.7   173.5  1049.4  1104.6  1262.2  1346.7  1403.8  1471.1  1572.6  1787.3  2414.8  7177.1  8114.1 10229.7  47981.8    80000
Warning! Detected max cpu usage > 95%
CPU Usage Stats (avg/min/max): 66.60%,1.00%,100.00%
