#type       avg     std     min      p5     p10     p50     p67     p75     p80     p85     p90     p95     p99    p999   p9999     QPS   target
read      393.2   656.7    86.8   143.0   155.5   220.8   258.9   291.8   327.3   409.1   639.7  1451.8  2472.8  7991.3  9388.2   4996.2     5000
read      474.1   610.6    86.8   145.7   165.0   279.9   352.3   422.0   497.7   627.7  1357.8  1542.7  2496.6  7767.7  8574.6   9963.0    10000
read      531.1   579.7    86.8   146.1   171.1   332.6   429.8   530.4   632.9   857.6  1429.8  1589.8  2480.5  7360.7  8118.4  14958.6    15000
read      582.5   577.9    80.4   147.7   174.4   370.4   504.6   645.8   768.1  1336.8  1473.0  1615.4  2453.1  7251.3  8111.8  19997.8    20000
read     2949.0  1538.1    86.8  1098.4  1171.2  3210.2  3386.7  3467.2  3567.5  3712.0  4169.4  5613.2  7998.6  9885.5 13350.2  23910.0    25000
read     2874.1  1521.9   160.7  1077.1  1141.1  3139.3  3323.8  3421.1  3481.9  3666.2  4146.8  5461.0  7988.4  9908.8 12704.4  24793.2    30000
read     2838.7  1507.9    93.8  1083.9  1141.0  3126.8  3298.2  3393.6  3453.2  3584.4  4100.4  5338.0  7972.9  9537.4 12002.6  25091.4    35000
read     2822.7  1534.0   127.6  1057.8  1124.2  3109.8  3273.3  3386.3  3456.9  3617.1  4112.1  5247.3  7996.0 11501.6 14969.8  25259.2    40000
read     2868.9  1538.8   118.1  1078.7  1139.8  3135.8  3319.9  3419.8  3482.2  3663.6  4154.2  5395.9  7997.1 10933.1 14905.6  24854.3    45000
read     2851.2  1551.8   109.4  1055.4  1126.7  3122.9  3302.4  3405.7  3470.2  3653.8  4164.5  5388.7  8011.4 10394.9 15836.4  25038.7    50000
read     2995.1  1522.5   109.4  1123.2  1195.6  3240.6  3397.0  3470.5  3573.7  3721.7  4250.9  5761.6  7999.6  9692.2 11866.9  23872.8    55000
read     2851.4  1509.6   109.4  1073.4  1139.6  3133.1  3309.9  3403.5  3462.1  3623.0  4132.7  5318.4  7980.9  9726.7 12766.8  24982.8    60000
read     2903.7  1657.4   160.7  1031.3  1102.5  3108.8  3275.2  3414.9  3540.4  3984.6  4355.3  6286.1  8069.6 13465.2 16122.1  24566.8    65000
read     2876.5  1506.1   404.6  1093.5  1150.1  3138.8  3321.9  3422.3  3485.1  3669.1  4158.8  5350.0  7979.0  9768.7 12378.0  24746.2    70000
read     2848.9  1499.8   173.5  1107.0  1157.3  3137.9  3309.7  3394.6  3447.6  3543.4  4086.1  5329.8  7977.4  9748.0 13216.2  25022.5    75000
read     2739.3  1499.2   118.1  1023.6  1087.4  3078.7  3212.7  3333.4  3425.1  3579.5  4078.1  5009.7  7948.7  9441.1 13048.6  25943.2    80000
Warning! Detected max cpu usage > 95%
CPU Usage Stats (avg/min/max): 67.17%,0.50%,100.00%
