#type       avg     std     min      p5     p10     p50     p67     p75     p80     p85     p90     p95     p99    p999   p9999     QPS   target
read      376.5   617.1    86.8   137.8   150.5   213.2   249.1   279.8   311.8   383.6   598.4  1435.3  2432.1  7869.1  9145.3   4990.4     5000
read      475.5   610.7    86.8   145.3   163.7   282.7   350.6   419.5   496.1   628.3  1357.5  1550.9  2500.5  7696.1  8150.4   9965.4    10000
read      524.4   590.1    80.4   146.2   169.5   325.3   419.4   513.3   614.3   813.6  1421.5  1589.5  2487.5  7404.1  8098.2  14930.0    15000
read      591.1   583.9    80.4   147.4   175.1   378.3   520.5   658.6   785.1  1336.2  1476.4  1634.5  2471.2  7247.6  8077.7  20160.8    20000
read      913.0   950.3    86.8   164.6   212.7   552.8   851.8  1348.7  1487.3  1616.7  1983.7  2819.3  3866.8  8008.4  9401.7  25131.8    25000
read     2817.3  1510.0   101.3  1071.2  1135.4  3112.8  3276.2  3378.6  3442.6  3564.5  4105.2  5291.7  7980.8  9842.5 12691.8  25278.2    30000
read     2799.4  1523.4   109.4  1039.3  1111.0  3099.3  3258.4  3380.1  3456.2  3643.2  4144.1  5274.9  7976.6  9839.5 14062.6  25389.6    35000
read     2843.2  1505.0   236.1  1060.7  1133.7  3129.4  3311.8  3408.8  3469.4  3637.8  4090.2  5277.6  7975.0  9776.9 12729.5  25064.4    40000
read     2869.6  1519.3   127.6  1073.8  1143.5  3140.2  3328.5  3421.8  3480.1  3676.7  4178.6  5363.8  7992.6  9813.7 14523.0  24857.0    45000
read     2890.3  1524.7   118.1  1104.9  1163.4  3152.9  3336.5  3423.1  3477.2  3672.0  4217.8  5473.9  8001.8 10010.0 12803.6  24692.4    50000
read     2796.9  1515.2   236.1  1053.1  1121.7  3100.8  3253.6  3369.9  3442.6  3595.4  4114.0  5217.0  7993.1 10043.0 13855.5  25448.9    55000
read     2775.4  1518.9   127.6  1050.3  1116.2  3092.7  3232.5  3353.1  3428.4  3547.0  4067.7  5021.1  7976.6 11927.8 14944.0  25649.4    60000
read     2793.3  1497.7   160.7  1065.4  1128.6  3101.1  3250.1  3360.0  3428.7  3526.4  4113.1  5200.3  7964.6  9453.8 12399.7  25553.2    65000
read     2765.5  1512.5   118.1  1033.6  1100.1  3087.4  3226.5  3353.4  3436.3  3601.9  4137.1  5182.1  7968.1  9820.4 13354.6  25753.4    70000
read     2883.9  1532.1   218.6  1068.3  1135.8  3141.4  3328.4  3428.1  3490.5  3687.8  4128.5  5419.9  8006.6 10080.3 13816.8  24817.2    75000
read     2940.1  1566.1   173.5  1109.5  1173.1  3187.0  3366.6  3448.3  3520.7  3698.3  4148.2  5592.3  8027.4 13659.8 15031.2  24367.7    80000
Warning! Detected max cpu usage > 95%
CPU Usage Stats (avg/min/max): 65.86%,1.00%,100.00%
