#type       avg     std     min      p5     p10     p50     p67     p75     p80     p85     p90     p95     p99    p999   p9999     QPS   target
read      368.9   585.6    86.8   138.8   151.0   213.7   248.5   278.2   310.9   392.1   576.1  1419.1  2438.0  7795.1  8117.7   4993.4     5000
read      463.9   610.3    80.4   141.9   161.4   269.0   335.0   396.3   468.8   605.0  1348.4  1538.6  2492.4  7655.5  8108.9  10026.6    10000
read      525.7   582.6    86.8   143.5   168.7   326.0   420.3   514.2   617.8   843.4  1423.5  1587.8  2484.9  7320.0  8296.0  15036.2    15000
read      572.8   570.2    80.4   146.5   173.2   364.9   494.9   630.5   752.7  1304.1  1462.8  1609.8  2441.9  7182.3  8929.7  20017.6    20000
read     1041.2  1109.2    80.4   172.7   220.2   604.3  1001.0  1453.0  1580.6  1855.4  2686.9  3177.4  4704.5  8113.4 10179.8  24861.6    25000
read     2911.0  1515.8   118.1  1092.7  1158.4  3162.8  3353.3  3444.3  3522.5  3694.9  4180.3  5451.7  7985.8  9788.6 12786.6  24431.4    30000
read     2863.6  1542.6   127.6  1065.1  1133.3  3128.8  3317.6  3429.4  3511.5  3680.0  4150.1  5348.0  7995.4 10586.2 15785.1  24856.2    35000
read     2854.5  1534.0    93.8  1067.1  1135.1  3127.3  3304.3  3402.2  3463.4  3641.1  4175.5  5414.7  7994.7 10040.0 13563.0  24968.6    40000
read     2856.1  1520.5   137.8  1096.8  1149.1  3130.0  3304.8  3402.6  3463.8  3623.8  4122.8  5352.6  8004.1 10057.3 13821.7  24986.2    45000
read     2790.9  1501.4   109.4  1048.5  1116.8  3099.2  3247.9  3367.1  3441.5  3596.2  4113.2  5179.6  7967.0  9871.4 13306.1  25467.8    50000
read     3048.5  1594.2   160.7  1117.1  1187.4  3215.0  3434.6  3572.0  3682.5  3861.8  4317.4  6197.3  8060.1 12338.2 16242.4  23475.0    55000
read     2655.5  1501.0   118.1   980.5  1046.0  3047.0  3175.5  3244.3  3363.8  3483.2  4026.0  4699.1  7954.7  9804.5 13082.3  26710.8    60000
read     2783.6  1509.3   148.8  1056.2  1121.5  3095.5  3248.1  3362.1  3433.4  3559.7  4131.8  5138.4  7976.3  9932.3 14257.2  25582.0    65000
read     2767.1  1504.7   137.8  1043.8  1106.2  3087.2  3221.6  3344.7  3429.1  3582.1  4145.8  5222.1  7959.2  9677.7 12589.2  25657.4    70000
read     2833.5  1530.7   148.8  1101.6  1153.1  3123.6  3291.2  3382.0  3438.7  3518.9  4117.8  5269.8  8008.4 10707.0 16811.3  25168.6    75000
read     2778.4  1514.8    93.8  1041.0  1109.7  3090.4  3230.5  3359.8  3441.7  3604.2  4108.0  5145.5  7980.1  9931.2 12815.3  25675.8    80000
Warning! Detected max cpu usage > 95%
CPU Usage Stats (avg/min/max): 66.87%,0.50%,100.00%
