#type       avg     std     min      p5     p10     p50     p67     p75     p80     p85     p90     p95     p99    p999   p9999     QPS   target
read      254.0   120.6    93.8   159.3   173.0   237.8   275.8   295.4   309.0   323.8   345.2   381.9   471.7   796.5  5866.4   5047.8     5000
read      290.1   102.0    86.8   154.4   174.4   284.7   323.1   344.8   361.5   381.3   410.6   458.0   557.3   976.2  2039.5   9966.5    10000
read      320.0   115.5    86.8   153.2   174.1   315.9   363.2   391.3   412.7   437.0   467.2   512.5   606.0   800.9  2172.3  15011.2    15000
read      328.7   124.7    86.8   148.9   167.7   324.9   377.4   410.6   433.3   459.1   491.7   540.7   642.0   807.2  1677.1  20138.8    20000
read      353.4   179.1    80.4   144.4   165.3   343.7   411.6   448.0   471.7   501.6   539.9   597.7   740.7  1188.0  6934.2  25017.2    25000
read      364.7   165.0    80.4   147.2   168.5   350.3   427.3   467.1   495.9   528.6   569.7   636.8   789.7  1229.2  3087.8  30030.2    30000
read      585.6   584.4    80.4   157.5   186.1   426.1   545.5   638.3   746.3   957.2  1252.9  1624.1  2406.2  7749.1 10130.3  35042.9    35000
read     1957.3  1033.5    93.8  1349.3  1433.4  1742.0  1864.4  1955.5  2024.9  2142.7  2329.5  3222.6  7848.0  9148.3 11229.6  36115.8    40000
read     1894.5  1016.1   160.7  1219.2  1307.0  1704.3  1827.4  1891.0  1974.4  2082.2  2317.4  3130.6  7823.4  9214.5 10555.9  37442.5    45000
read     1953.1  1028.5    80.4  1354.9  1434.3  1728.4  1852.5  1938.2  2010.6  2129.9  2336.0  3213.4  7850.5  9172.8 12359.2  36290.6    50000
read     1885.4  1031.7   187.4  1201.6  1288.2  1703.9  1822.0  1879.3  1952.0  2033.1  2264.7  3165.2  7831.7  9572.9 13240.7  37598.0    55000
read     1950.6  1022.5   160.7  1353.6  1429.2  1723.9  1848.9  1936.4  2014.7  2140.0  2336.7  3194.6  7844.8  9080.8 12043.5  36411.8    60000
read     1888.2  1027.1   137.8  1194.7  1281.6  1699.8  1828.2  1897.9  1978.4  2089.2  2329.8  3159.3  7823.4  9688.7 12774.6  37511.0    65000
read     1885.3  1008.9   118.1  1294.3  1376.7  1664.3  1788.5  1869.3  1957.1  2085.8  2318.6  3091.8  7821.4  9051.7 11989.7  37616.4    70000
read     1922.2  1003.5   187.4  1340.0  1419.7  1708.8  1827.2  1889.5  1967.2  2055.0  2267.3  3183.3  7824.6  9177.6 12000.2  36881.6    75000
read     1925.7  1020.5   404.6  1323.6  1403.8  1700.4  1831.9  1917.9  2000.3  2128.0  2343.8  3138.5  7835.3  9339.9 12896.5  36849.3    80000
Warning! Detected max cpu usage > 95%
CPU Usage Stats (avg/min/max): 66.23%,0.50%,100.00%
