#type       avg     std     min      p5     p10     p50     p67     p75     p80     p85     p90     p95     p99    p999   p9999     QPS   target
read      257.6   142.1    93.8   158.2   172.0   239.4   278.2   298.3   312.0   327.8   349.1   389.7   498.2  1340.7  6232.7   4954.6     5000
read      291.2   101.7    86.8   159.1   177.9   285.9   324.8   346.0   362.1   381.0   409.5   456.8   549.4   841.1  2036.8  10004.2    10000
read      315.4   114.5    86.8   154.6   174.5   312.2   357.6   383.1   403.1   427.7   458.5   503.7   601.4   796.9  2121.9  14956.2    15000
read      351.0   158.9    86.8   152.6   173.4   342.0   403.8   438.0   462.3   491.0   527.6   583.1   723.7  1530.9  3759.5  20075.4    20000
read      356.5   157.2    80.4   145.6   166.7   346.5   417.2   454.5   480.1   509.8   547.7   609.0   748.2  1139.2  2349.4  24990.8    25000
read      367.5   193.0    86.8   147.3   169.2   348.2   421.9   461.7   490.3   523.7   567.0   640.7   878.1  1611.0  5970.5  30054.2    30000
read      485.2   466.4    80.4   153.0   177.3   377.4   477.0   535.2   582.6   658.9   845.8  1318.4  2097.4  7500.7  8125.7  35049.0    35000
read     1858.6  1033.0    93.8  1176.5  1276.4  1686.3  1815.2  1880.8  1957.5  2042.4  2248.8  3055.7  7824.4  9637.6 14575.7  37818.6    40000
read     1921.3  1038.4   109.4  1217.1  1311.3  1737.1  1858.7  1940.7  2006.4  2114.6  2326.2  3204.0  7841.4  9508.9 12492.3  36852.6    45000
read     1844.6   990.3    86.8  1194.1  1278.7  1674.2  1788.3  1853.4  1904.0  1994.0  2168.6  3092.7  7797.5  9078.2 10821.2  38302.3    50000
read     1957.4  1033.0   148.8  1346.7  1426.8  1731.5  1860.2  1952.3  2023.0  2144.9  2342.8  3213.2  7845.3  9755.9 12748.7  36288.2    55000
read     1877.0  1007.9   137.8  1210.4  1300.1  1694.9  1815.3  1874.4  1945.3  2031.6  2264.0  3122.8  7808.4  9189.4 11447.6  37774.2    60000
read     1953.7  1037.8   118.1  1354.9  1432.2  1727.7  1850.9  1932.9  2002.9  2114.8  2320.1  3229.4  7848.8  9156.8 12549.2  36431.0    65000
read     1903.7  1016.7   137.8  1212.2  1302.5  1714.1  1837.4  1909.1  1989.5  2115.5  2363.8  3151.0  7823.2  9105.3 11124.6  37187.6    70000
read     1860.5  1022.0   148.8  1187.7  1275.3  1680.9  1806.2  1871.1  1940.0  2025.4  2244.0  3106.3  7821.9  9647.0 12805.0  38085.6    75000
read     1929.6  1013.4   160.7  1354.1  1428.0  1715.4  1829.9  1888.8  1965.9  2050.6  2248.3  3213.5  7839.0  8995.8 12593.4  36763.2    80000
Warning! Detected max cpu usage > 95%
CPU Usage Stats (avg/min/max): 65.96%,0.50%,100.00%
