#type       avg     std     min      p5     p10     p50     p67     p75     p80     p85     p90     p95     p99    p999   p9999     QPS   target
read      251.1    91.4   101.3   157.5   170.4   234.6   270.2   291.5   306.0   321.3   343.8   383.0   491.5  1018.3  2518.2   5001.6     5000
read      289.2    97.9    93.8   158.4   177.2   282.4   322.2   344.3   360.9   380.4   410.2   455.7   545.9   758.6  1935.9  10011.4    10000
read      307.4   125.6    86.8   149.3   168.8   303.4   347.7   371.7   392.9   417.9   448.5   495.3   599.5   892.5  4151.1  15023.2    15000
read      344.4   188.5    86.8   147.6   168.3   334.5   391.9   425.4   448.4   473.8   508.7   566.1   705.0  2575.2  5482.6  19935.6    20000
read      347.4   150.4    80.4   148.2   168.1   337.3   403.4   439.9   464.6   494.4   533.3   593.0   746.7  1015.0  2642.4  25013.2    25000
read      367.1   200.7    80.4   147.0   167.5   346.1   422.3   462.0   490.4   524.1   568.6   642.7   893.2  2089.0  5128.3  30054.2    30000
read      616.5   687.5    80.4   152.5   180.1   411.5   526.9   608.5   716.9  1070.0  1491.4  1855.1  2776.0  7925.9  9252.5  34966.4    35000
read     1880.1  1034.7   101.3  1174.6  1280.5  1707.5  1837.7  1913.4  1986.9  2088.6  2299.6  3186.7  7819.3  9025.1 11757.4  37188.2    40000
read     1884.7  1009.7   109.4  1202.8  1293.0  1704.0  1828.1  1891.4  1968.7  2060.1  2307.2  3148.9  7813.6  8989.8 11981.5  37436.8    45000
read     1908.0  1022.1   137.8  1318.9  1406.8  1694.7  1812.0  1877.6  1954.3  2044.2  2263.0  3144.5  7839.1  9641.5 13990.5  37183.4    50000
read     1910.9  1036.1   187.4  1212.6  1303.1  1722.2  1840.9  1909.6  1985.0  2091.7  2332.4  3190.8  7841.1  9263.6 12366.7  37219.2    55000
read     1898.6  1000.2   218.6  1318.0  1399.3  1688.8  1805.6  1871.3  1943.1  2032.1  2225.6  3147.2  7816.4  8859.7 12162.8  37316.0    60000
read     1831.1  1015.0   137.8  1166.8  1255.1  1658.3  1782.3  1851.5  1906.0  2004.5  2190.1  3023.5  7802.7  9785.6 14836.8  38630.6    65000
read     1935.0  1024.6   137.8  1333.9  1412.6  1707.4  1837.1  1921.9  2002.5  2125.1  2357.2  3154.4  7836.1  8991.7 13050.0  36701.8    70000
read     1891.1  1015.6   160.7  1203.7  1299.0  1704.7  1833.7  1908.0  1984.9  2088.9  2298.8  3118.9  7821.5  8864.5 11129.6  37491.4    75000
read     1896.2  1023.5   127.6  1318.3  1398.9  1684.2  1800.2  1866.4  1934.7  2027.1  2217.3  3120.5  7836.2  9303.6 12966.4  37510.6    80000
Warning! Detected max cpu usage > 95%
CPU Usage Stats (avg/min/max): 66.30%,0.00%,100.00%
