#type       avg     std     min      p5     p10     p50     p67     p75     p80     p85     p90     p95     p99    p999   p9999     QPS   target
read      474.5   680.7    93.8   160.9   176.8   274.3   345.0   409.9   471.7   586.0  1306.7  1525.8  2529.1  8006.6  9873.7   4993.6     5000
read      508.3   635.2    80.4   151.9   174.4   301.1   366.8   440.2   529.7   705.7  1409.7  1597.6  2516.4  7723.6  8797.2   9960.8    10000
read      550.8   605.4    80.4   150.1   174.9   343.3   440.4   548.4   652.2   969.2  1442.5  1602.5  2493.9  7448.9  9319.3  14973.4    15000
read      638.8   608.8    80.4   153.5   186.1   408.2   583.7   741.4   906.9  1415.5  1526.8  1698.0  2503.5  7268.3  8454.9  20121.2    20000
read     2620.3  1623.5    86.8   420.1   757.2  3093.1  3334.4  3418.1  3470.5  3610.9  3907.7  5220.3  7958.8  9708.7 13055.8  24104.0    25000
read     2996.7  1528.0   173.5  1125.3  1198.0  3260.1  3397.9  3462.7  3543.7  3715.3  4250.6  5794.4  8011.4  9962.2 12752.0  23822.0    30000
read     3060.8  1522.5   148.8  1158.0  1229.2  3302.8  3428.7  3487.9  3603.9  3726.5  4245.6  6136.9  8013.4  9766.3 13474.8  23343.8    35000
read     2968.5  1525.1   137.8  1119.8  1193.8  3254.1  3393.2  3458.6  3529.1  3707.4  4203.4  5507.9  8007.8  9924.5 13537.3  23984.7    40000
read     2934.5  1520.4   101.3  1089.2  1159.9  3203.6  3373.6  3450.0  3518.7  3709.2  4202.2  5488.9  7986.5  9633.0 12662.2  24241.2    45000
read     2953.8  1528.6   137.8  1099.8  1162.8  3213.3  3380.5  3456.9  3544.7  3730.6  4196.4  5530.6  8004.5  9983.5 12855.5  24144.0    50000
read     2826.6  1512.7   127.6  1035.6  1118.1  3135.1  3321.8  3409.2  3463.9  3636.7  4145.0  5215.6  7968.6  9755.7 12570.7  25149.0    55000
read     2941.6  1523.5   148.8  1089.8  1159.7  3218.3  3380.5  3454.6  3530.7  3711.5  4203.2  5529.3  7995.2  9803.5 12807.6  24226.2    60000
read     2967.4  1547.1   255.0  1115.0  1185.6  3245.5  3386.0  3452.0  3502.2  3684.3  4201.6  5499.4  8012.0 12244.7 15294.9  24092.2    65000
read     3021.6  1529.5   109.4  1133.2  1209.7  3281.7  3413.1  3474.9  3580.0  3731.1  4286.2  5812.7  8016.5 10166.6 12896.9  23546.4    70000
read     2862.5  1536.5   101.3  1043.5  1116.6  3150.2  3338.5  3428.4  3484.6  3695.4  4181.7  5288.0  7989.4 10024.1 13648.8  24906.6    75000
read     2925.7  1524.3   218.6  1098.5  1163.9  3199.6  3365.9  3439.6  3485.7  3693.8  4195.5  5561.0  7995.1  9870.7 12905.7  24381.8    80000
Warning! Detected max cpu usage > 95%
CPU Usage Stats (avg/min/max): 67.24%,0.50%,100.00%
