#type       avg     std     min      p5     p10     p50     p67     p75     p80     p85     p90     p95     p99    p999   p9999     QPS   target
read      426.6   665.0    86.8   153.3   167.8   237.0   283.2   315.5   354.1   446.7   824.6  1503.2  2510.3  7918.4  9157.9   4954.6     5000
read      492.6   602.9    86.8   152.1   174.6   299.0   364.1   431.0   510.6   649.7  1383.2  1567.2  2495.9  7563.6  8932.2   9982.1    10000
read      545.1   596.8    80.4   150.2   177.4   344.0   436.1   534.0   631.4   886.7  1436.8  1597.3  2490.9  7486.5  9145.4  14970.0    15000
read      619.1   609.2    80.4   147.3   178.4   392.7   547.5   692.5   845.7  1391.8  1499.3  1682.1  2507.3  7303.3  9415.0  20010.8    20000
read     2700.6  1647.0    86.8   443.8   890.9  3143.5  3357.8  3438.2  3488.5  3657.5  3996.0  5322.1  7975.2 10195.0 16769.5  23862.4    25000
read     2882.0  1528.5   109.4  1071.0  1151.2  3191.3  3354.7  3424.8  3468.6  3623.0  4190.4  5424.1  7981.9  9881.6 13200.2  24496.0    30000
read     2923.0  1533.3   109.4  1094.7  1157.8  3208.0  3369.1  3441.3  3486.4  3681.6  4196.3  5504.7  7999.7  9976.7 13774.8  24384.6    35000
read     2943.4  1512.3   148.8  1120.4  1185.3  3235.0  3377.4  3444.4  3486.3  3667.6  4123.5  5487.2  7995.7  9977.6 12887.0  24229.2    40000
read     3026.6  1551.4   127.6  1129.1  1201.7  3267.4  3425.3  3512.8  3629.8  3746.7  4162.8  5796.8  8031.9 11786.1 15833.9  23620.4    45000
read     2921.0  1505.5   148.8  1124.0  1192.1  3220.0  3365.2  3431.3  3472.6  3623.6  4141.6  5414.5  7995.8  9973.8 12420.4  24428.6    50000
read     2925.7  1515.7    93.8  1107.9  1165.9  3209.9  3371.6  3444.7  3490.3  3680.5  4140.9  5426.1  7985.6  9931.6 14176.0  24339.9    55000
read     2852.5  1519.3   148.8  1081.1  1138.3  3145.6  3320.2  3403.4  3455.4  3578.7  4109.7  5342.6  7984.8  9841.0 14180.3  25027.0    60000
read     2859.5  1539.2   202.4  1078.3  1140.0  3148.6  3327.0  3409.5  3461.1  3611.0  4174.9  5479.9  7987.4  9871.1 17691.9  24975.0    65000
read     2851.3  1514.9   173.5  1068.4  1133.8  3145.7  3325.2  3409.5  3462.2  3627.8  4168.3  5345.2  7976.7  9826.8 12790.8  24965.1    70000
read     2884.4  1507.1   118.1  1073.9  1147.3  3175.6  3348.8  3424.8  3472.3  3645.3  4128.8  5312.3  7980.3  9890.1 13467.9  24657.2    75000
read     2797.0  1514.7   101.3  1028.5  1103.9  3108.2  3279.8  3384.5  3449.9  3622.9  4147.4  5229.1  7969.5  9693.3 12521.2  25424.8    80000
Warning! Detected max cpu usage > 95%
CPU Usage Stats (avg/min/max): 66.53%,0.00%,100.00%
