#type       avg     std     min      p5     p10     p50     p67     p75     p80     p85     p90     p95     p99    p999   p9999     QPS   target
read      429.7   702.4    93.8   154.3   168.3   237.9   285.8   319.7   358.0   445.4   801.8  1488.1  2499.0  8026.5  9624.3   4966.6     5000
read      491.2   617.8    86.8   153.3   174.4   293.5   355.7   419.6   504.3   654.7  1388.3  1573.6  2499.2  7674.2  9493.4  10003.6    10000
read      542.4   600.7    80.4   145.6   172.2   342.0   435.6   532.0   631.2   876.2  1433.6  1596.7  2489.7  7546.5  8110.0  14956.2    15000
read      609.4   588.8    86.8   153.5   182.7   391.9   545.6   687.0   823.1  1390.4  1493.2  1637.3  2455.7  7283.2  8993.3  19958.2    20000
read     2318.8  1629.1    80.4   292.4   429.7  2370.3  3193.5  3309.4  3383.6  3457.9  3700.8  4615.5  7908.2  9487.9 12638.7  24746.0    25000
read     2930.6  1523.0   101.3  1115.7  1190.7  3251.2  3385.3  3448.4  3487.9  3662.7  4097.3  5460.5  7994.9  9929.0 13531.4  24083.8    30000
read     2948.0  1538.3   187.4  1120.2  1187.6  3218.2  3378.2  3451.4  3515.1  3687.6  4159.1  5521.8  8009.8 10751.5 14888.6  24231.6    35000
read     2894.3  1514.2   148.8  1080.4  1146.0  3164.6  3349.6  3437.1  3494.3  3680.1  4159.7  5371.2  7986.0  9942.8 12746.6  24598.6    40000
read     2898.5  1528.9   148.8  1091.2  1153.3  3174.3  3353.0  3432.8  3482.6  3669.5  4187.7  5481.4  7986.0  9697.2 12229.1  24661.2    45000
read     2927.5  1532.6    93.8  1114.2  1175.2  3216.1  3364.2  3431.0  3472.8  3627.4  4222.0  5520.0  8002.4  9856.5 13771.4  24407.6    50000
read     2933.5  1514.9   160.7  1110.8  1179.4  3219.7  3374.8  3445.6  3489.9  3677.7  4163.2  5472.0  7999.2  9988.5 13107.4  24291.2    55000
read     2939.3  1516.5   137.8  1119.4  1183.5  3217.1  3372.1  3442.7  3486.9  3675.9  4184.7  5452.8  7990.7  9805.7 13906.5  24247.2    60000
read     2999.7  1524.1   202.4  1140.2  1208.0  3264.3  3400.1  3464.0  3544.9  3709.4  4234.4  5797.6  8005.2  9968.0 12655.6  23807.2    65000
read     2888.4  1530.4   101.3  1098.6  1156.9  3175.0  3343.5  3417.5  3463.7  3599.4  4114.0  5349.2  8009.1 10690.3 15261.8  24734.2    70000
read     2883.0  1527.2   148.8  1099.2  1151.6  3162.3  3342.4  3423.8  3474.8  3657.7  4182.6  5484.8  7984.8  9917.8 13601.0  24759.4    75000
read     2908.3  1505.1   321.2  1114.9  1176.2  3204.8  3359.2  3427.7  3470.5  3620.0  4106.6  5403.3  7984.6  9842.3 12779.5  24560.8    80000
Warning! Detected max cpu usage > 95%
CPU Usage Stats (avg/min/max): 65.96%,0.00%,100.00%
