#type       avg     std     min      p5     p10     p50     p67     p75     p80     p85     p90     p95     p99    p999   p9999     QPS   target
read      258.1   106.1   101.3   157.2   171.7   241.1   281.8   302.7   316.2   333.9   357.1   395.3   498.4  1145.2  4235.1   4996.4     5000
read      303.7   114.4    86.8   157.8   178.4   297.7   338.3   361.3   377.8   401.7   435.4   482.8   587.4  1122.5  3113.5   9948.2    10000
read      326.3   139.6    86.8   152.4   172.8   319.9   367.5   396.7   420.0   447.6   481.7   536.1   650.5   919.2  4246.3  14927.6    15000
read      343.1   142.9    86.8   148.3   168.3   336.3   394.0   430.3   455.6   484.1   520.6   576.1   702.0   907.4  3385.8  20056.8    20000
read      360.4   188.5    80.4   145.6   166.7   346.2   413.6   453.2   479.7   510.4   548.2   612.6   793.0  2034.6  6589.4  25007.6    25000
read      382.1   224.4    80.4   148.8   169.3   356.1   437.0   480.1   510.5   544.4   590.7   676.9  1044.0  2388.1  6220.8  30035.2    30000
read      791.3   804.6    80.4   167.7   203.8   506.3   744.2  1085.9  1338.0  1539.0  1726.2  1999.6  3266.8  8018.2  9701.7  35065.8    35000
read     1859.7  1067.2    93.8   709.2  1192.7  1743.6  1879.6  1967.6  2024.3  2129.7  2306.1  3191.9  7820.6  8803.6 10922.1  36474.8    40000
read     1965.8  1050.6    93.8  1258.7  1356.2  1781.5  1905.6  1988.1  2042.7  2152.8  2332.1  3265.4  7851.4  9607.6 13311.8  36034.8    45000
read     1907.5  1015.9   127.6  1233.7  1333.4  1715.3  1841.3  1918.1  1992.3  2097.4  2302.8  3139.5  7829.6  9437.3 12653.9  37117.6    50000
read     1950.8  1037.3   202.4  1302.7  1396.0  1729.1  1859.8  1954.4  2027.6  2155.1  2367.3  3214.5  7846.5  9471.1 12833.0  36423.2    55000
read     1918.0  1024.2   218.6  1236.0  1334.7  1724.3  1846.6  1921.6  1989.7  2086.4  2303.6  3198.9  7834.2  9107.8 12012.8  36988.8    60000
read     1866.8  1009.9   127.6  1241.5  1333.2  1663.4  1786.2  1862.4  1937.8  2044.3  2288.6  3066.5  7807.8  9291.7 13217.1  37917.8    65000
read     1916.7  1037.4   160.7  1255.4  1348.8  1717.6  1838.0  1907.8  1983.7  2088.0  2310.0  3168.3  7836.1  9744.0 14836.7  37004.4    70000
read     1889.8  1010.6   148.8  1267.3  1361.2  1685.3  1799.5  1864.7  1931.5  2026.8  2272.0  3146.4  7821.9  9022.6 11880.8  37587.6    75000
read     1922.2  1023.1   137.8  1258.2  1349.3  1717.2  1843.9  1924.5  1999.4  2115.9  2340.7  3186.4  7832.7  9070.2 12393.7  36913.8    80000
Warning! Detected max cpu usage > 95%
CPU Usage Stats (avg/min/max): 65.86%,0.00%,100.00%
