#type       avg     std     min      p5     p10     p50     p67     p75     p80     p85     p90     p95     p99    p999   p9999     QPS   target
read      263.9   112.1    93.8   162.4   176.0   248.0   288.8   308.4   320.8   339.2   362.4   400.8   500.7  1414.6  4574.8   4991.2     5000
read      301.9   147.9    86.8   162.0   180.7   294.4   334.5   357.2   372.9   395.7   427.2   471.6   573.8  1051.7  5336.5   9955.8    10000
read      315.1   117.4    86.8   148.0   168.2   311.7   357.3   383.6   403.3   430.6   463.9   512.5   615.2   784.0  2614.5  15050.6    15000
read      340.8   179.7    86.8   151.9   171.5   331.3   386.3   419.1   442.7   468.8   505.1   561.3   698.2  2446.7  4677.7  20031.2    20000
read      349.9   150.0    80.4   146.6   167.1   342.0   405.3   443.3   467.9   497.8   534.6   589.2   727.9  1051.2  3506.8  25078.6    25000
read      372.4   185.3    86.8   148.9   170.2   353.7   432.1   472.5   502.6   536.5   580.7   656.5   863.4  1601.2  5108.9  30106.2    30000
read      485.4   405.7    80.4   156.0   181.0   395.8   500.6   561.4   612.9   690.7   838.4  1179.7  1964.9  3737.2  8062.6  34799.4    35000
read     1849.2  1021.5    86.8  1131.8  1265.0  1698.4  1823.5  1885.3  1959.1  2033.6  2225.1  3113.2  7806.4  9030.0 10929.3  37372.3    40000
read     1841.3  1000.0   127.6  1180.3  1285.3  1659.0  1779.9  1853.3  1914.6  2013.2  2220.2  3058.9  7795.0  9679.5 13013.0  38306.4    45000
read     1899.1  1038.2   127.6  1237.5  1350.6  1698.2  1826.5  1901.0  1979.0  2078.6  2277.3  3126.0  7827.9 10071.0 14870.6  37348.0    50000
read     1904.6  1010.9   173.5  1234.7  1331.1  1707.9  1833.4  1905.3  1981.9  2087.5  2321.3  3182.8  7818.3  9011.6 13274.8  37135.9    55000
read     1884.2  1003.2   173.5  1239.1  1337.8  1682.9  1810.5  1882.2  1967.1  2074.8  2301.0  3102.2  7820.1  9146.3 11039.8  37548.1    60000
read     1937.9  1029.2   109.4  1247.0  1342.7  1733.0  1865.0  1959.8  2029.1  2157.0  2373.2  3218.4  7834.7  8861.4 10937.1  36639.6    65000
read     1931.6  1037.6   137.8  1293.5  1389.5  1715.8  1837.6  1909.4  1983.7  2085.0  2313.3  3223.1  7852.3  8961.9 11880.3  36889.2    70000
read     1934.6  1047.5   148.8  1245.6  1347.6  1729.2  1854.9  1937.6  2004.6  2113.8  2332.0  3245.0  7855.3  9348.5 12127.6  36830.4    75000
read     1914.2  1039.8   236.1  1272.4  1362.7  1704.7  1832.1  1904.6  1979.5  2076.2  2291.1  3205.5  7848.0  9464.5 12892.7  37113.8    80000
Warning! Detected max cpu usage > 95%
CPU Usage Stats (avg/min/max): 66.63%,0.50%,100.00%
