#type       avg     std     min      p5     p10     p50     p67     p75     p80     p85     p90     p95     p99    p999   p9999     QPS   target
read      259.0   109.9    93.8   160.1   174.1   242.8   282.3   302.2   316.2   333.3   355.3   392.9   483.2  1105.4  2737.2   4988.8     5000
read      298.0   110.8    93.8   158.3   178.3   291.7   331.1   352.9   368.8   390.7   422.0   468.9   582.3  1417.6  2565.4  10003.8    10000
read      318.2   122.0    86.8   150.2   170.8   313.7   359.7   386.5   407.5   434.3   466.9   517.0   620.6   867.4  3189.7  15064.6    15000
read      334.3   127.8    86.8   147.7   167.9   330.4   384.3   415.9   438.6   465.0   500.3   551.5   664.8   867.5  1317.2  20031.6    20000
read      369.1   268.8    80.4   147.4   168.5   345.9   412.8   450.1   475.4   507.2   547.0   618.8   993.2  3918.6  8031.7  24913.0    25000
read      383.8   180.5    86.8   152.1   173.7   364.3   446.6   489.0   519.2   553.5   601.7   686.3   914.5  1459.2  2119.4  29944.2    30000
read      637.6   657.2    86.8   163.6   194.1   445.8   577.3   690.0   826.2  1086.4  1420.6  1785.5  2728.9  7908.3  9296.9  34863.9    35000
read     1942.4  1042.2   101.3  1231.1  1332.8  1755.8  1882.3  1972.8  2030.6  2147.1  2342.0  3207.5  7846.5  9214.3 13035.0  36385.2    40000
read     1914.6  1019.1   187.4  1231.8  1322.6  1727.7  1850.2  1928.1  1996.6  2098.4  2307.2  3171.8  7828.4  9421.1 12366.6  36999.8    45000
read     1911.3  1024.6   148.8  1222.3  1315.2  1718.3  1844.6  1923.4  1996.5  2108.8  2325.7  3193.4  7829.0  9248.0 12140.5  37070.6    50000
read     1966.3  1058.2   137.8  1326.5  1420.1  1753.7  1874.6  1959.4  2016.7  2120.9  2307.2  3256.8  7866.2  9986.9 14868.6  36182.4    55000
read     1865.7   995.1   127.6  1202.0  1291.3  1685.5  1809.1  1872.6  1941.9  2026.2  2249.3  3131.9  7801.1  8976.6 11262.9  37859.2    60000
read     1889.3  1003.7   218.6  1283.0  1363.0  1680.4  1803.6  1873.6  1949.9  2042.2  2289.0  3153.9  7808.9  9331.3 12040.7  37442.2    65000
read     1920.5  1019.0   173.5  1222.9  1319.8  1732.3  1857.8  1941.8  2008.4  2120.1  2327.0  3204.0  7824.6  9025.5 11637.0  36909.2    70000
read     1922.3  1019.0   297.4  1318.4  1405.1  1707.7  1829.8  1897.3  1973.8  2070.1  2300.8  3177.4  7836.7  9309.3 12439.3  36964.4    75000
read     1873.1  1026.1   148.8  1210.9  1301.5  1691.4  1813.5  1874.9  1941.3  2018.9  2194.7  3126.2  7826.4  9886.8 14778.3  37856.2    80000
Warning! Detected max cpu usage > 95%
CPU Usage Stats (avg/min/max): 67.74%,1.00%,100.00%
