#type       avg     std     min      p5     p10     p50     p67     p75     p80     p85     p90     p95     p99    p999   p9999     QPS   target
read      337.5   323.1   101.3   192.4   207.2   292.6   331.2   354.4   372.5   397.7   435.8   523.7  1448.8  6232.7  7924.6   4981.8     5000
read      401.5   452.3   101.3   186.4   208.1   340.0   399.6   438.3   464.6   496.8   540.2   624.6  1803.5  7260.2  8120.6   9969.4    10000
read      536.7   895.6    93.8   177.1   202.8   379.3   464.7   510.6   543.7   587.5   662.4  1041.1  5730.9 10538.4 15263.0  15043.2    15000
read      550.1   835.7    93.8   169.8   197.0   402.8   506.2   560.2   601.6   659.1   755.9  1226.4  4683.7  9870.4 16025.9  20109.6    20000
read      597.3   705.7    86.8   179.8   217.0   471.2   578.5   639.6   692.8   762.1   893.0  1424.9  3258.4  8135.4 13639.1  25000.2    25000
read      929.6  1020.6    93.8   206.6   266.6   614.2   843.5  1129.9  1407.5  1633.9  1835.0  2428.7  6086.3  9439.7 15429.6  29950.0    30000
read     1313.2   988.4    86.8   324.8   438.6  1244.8  1477.7  1574.7  1648.9  1759.5  2068.4  2591.0  7125.4  8556.2 11927.0  35013.2    35000
read     2011.1  1090.8   275.4  1506.2  1553.3  1733.4  1825.0  1872.3  1946.4  2108.2  2484.2  3350.0  7895.9  9872.9 15206.2  35313.5    40000
read     2155.1  1122.0   202.4  1625.5  1658.0  1842.9  1938.0  2017.5  2154.9  2457.7  2671.9  3554.7  7927.7  9726.8 14643.2  33072.6    45000
read     2012.6  1072.4   202.4  1524.8  1579.7  1754.4  1839.9  1880.1  1945.2  2022.3  2323.0  3371.5  7884.7  9793.0 15086.5  35359.2    50000
read     2123.8  1112.1   127.6  1619.7  1652.7  1844.6  1936.3  2001.7  2056.2  2191.9  2534.8  3531.9  7917.0 10007.2 14931.7  33686.0    55000
read     2027.6  1059.1   173.5  1515.7  1569.9  1753.2  1845.1  1894.8  1994.2  2244.7  2519.8  3317.9  7878.1  9532.4 13062.9  35152.2    60000
read     1984.6  1056.0   109.4  1507.3  1542.7  1721.6  1814.3  1868.5  1941.7  2084.1  2374.1  3253.4  7876.2  9404.1 15251.3  35818.0    65000
read     2026.1  1049.5   137.8  1553.3  1621.9  1779.0  1847.6  1879.8  1938.6  2014.0  2343.1  3399.2  7874.4  9315.8 11552.5  35178.5    70000
read     1994.0  1098.3   173.5  1496.1  1525.4  1699.0  1777.3  1853.8  1947.0  2243.6  2489.9  3333.8  7881.1 10039.5 15195.6  35665.4    75000
read     2037.0  1044.2   160.7  1601.7  1639.8  1808.1  1862.6  1893.5  1944.5  1995.5  2100.3  3451.5  7880.9  9044.1 11911.7  35069.2    80000
Warning! Detected max cpu usage > 95%
CPU Usage Stats (avg/min/max): 67.20%,1.00%,100.00%
