#type       avg     std     min      p5     p10     p50     p67     p75     p80     p85     p90     p95     p99    p999   p9999     QPS   target
read      316.7   267.5   109.4   190.9   205.3   285.8   322.9   344.3   361.1   381.4   414.5   471.8   887.9  4925.2  7987.0   5029.2     5000
read      392.4   452.8    93.8   182.6   203.7   330.8   385.7   422.0   448.3   478.7   522.0   603.4  1922.5  7540.0  9875.3   9957.8    10000
read      536.3   928.1    93.8   176.7   204.2   389.0   473.1   519.2   550.5   593.2   660.8   870.5  5153.0 11821.7 16516.5  14972.2    15000
read      603.7   988.9    93.8   172.9   203.3   419.8   521.2   576.7   621.5   687.2   813.6  1496.2  5861.7 11714.9 19470.3  20052.8    20000
read      729.4   954.8    93.8   177.5   214.9   485.1   614.0   703.4   785.9   960.5  1521.9  2201.6  5542.7  9707.0 15038.1  24964.8    25000
read     1139.1  1167.5    93.8   226.8   299.3   737.2  1340.3  1649.6  1766.7  1882.2  2144.3  2641.1  7413.9 11137.2 15935.5  29993.4    30000
read     2037.1  1157.1   109.4  1006.2  1539.3  1794.7  1886.3  1994.3  2102.1  2334.0  2594.2  3491.5  7911.3  9954.0 15154.9  33613.0    35000
read     2065.5  1085.1   255.0  1557.4  1627.9  1806.7  1872.7  1939.9  1998.5  2123.2  2516.5  3416.9  7908.9 10141.4 13655.0  34537.2    40000
read     1870.4   988.0   202.4  1420.3  1485.0  1634.6  1707.6  1742.0  1809.9  1896.6  2246.2  3133.5  7800.9  8963.4 11304.4  37825.4    45000
read     1871.7  1037.3   173.5  1412.8  1463.2  1621.1  1697.5  1733.5  1784.1  1871.9  2226.3  3150.3  7830.0  9490.4 14144.1  37902.3    50000
read     2189.6  1171.2   218.6  1644.6  1695.4  1884.3  1983.3  2030.3  2117.0  2253.8  2630.3  3689.5  7966.6 10859.3 16709.5  32625.2    55000
read     2041.8  1105.1   236.1  1550.4  1620.9  1782.3  1850.8  1883.0  1943.9  2012.0  2248.4  3469.2  7921.2 10015.4 15185.1  35010.6    60000
read     2111.4  1080.5   218.6  1636.7  1683.5  1865.8  1947.9  1991.3  2018.5  2075.8  2195.0  3562.3  7912.0  9713.1 13662.7  33879.8    65000
read     1991.6  1059.0   236.1  1503.3  1536.7  1715.3  1805.5  1863.2  1940.5  2188.0  2503.8  3274.4  7875.1  9694.5 13842.1  35656.4    70000
read     2084.5  1087.2   255.0  1603.9  1639.3  1818.3  1884.7  1961.1  2010.2  2114.1  2401.2  3499.7  7914.5  9561.2 12420.4  34284.4    75000
read     1950.3  1059.8   148.8  1479.9  1522.3  1697.1  1766.2  1828.6  1867.6  1961.4  2284.0  3297.8  7876.4  9550.5 13897.0  36504.2    80000
Warning! Detected max cpu usage > 95%
CPU Usage Stats (avg/min/max): 67.58%,0.50%,100.00%
