#type       avg     std     min      p5     p10     p50     p67     p75     p80     p85     p90     p95     p99    p999   p9999     QPS   target
read      326.9   200.0   109.4   198.9   214.4   299.2   335.6   357.8   374.3   397.2   433.3   498.4  1073.2  2461.6  7640.0   4967.2     5000
read      459.7   752.1   101.3   189.1   210.1   344.0   404.2   442.1   467.8   501.9   547.9   663.3  4867.5  8944.6 10810.5   9922.2    10000
read      495.1   784.3   101.3   179.2   205.9   385.0   467.0   508.7   539.5   576.8   631.1   770.6  3690.5 10122.7 16921.4  14995.4    15000
read      521.1   655.3    93.8   175.9   206.5   421.9   514.5   563.4   600.0   649.5   729.0   938.6  3220.2  8326.4 13286.5  19847.4    20000
read      667.6   836.4    93.8   179.5   220.1   486.2   606.4   688.6   762.0   885.0  1192.9  1671.4  4567.9  8640.0 15374.0  24923.0    25000
read      712.0   784.0    93.8   181.5   220.1   504.6   648.0   751.2   858.0  1093.0  1458.6  2041.8  3640.1  8119.8 10100.0  30087.6    30000
read     1855.0  1079.8   101.3  1030.9  1244.7  1675.3  1785.6  1848.1  1889.5  2008.7  2428.6  3148.4  7825.7  9620.9 15126.0  34481.4    35000
read     1918.1  1031.2   137.8  1447.5  1512.5  1682.2  1740.1  1802.4  1847.8  1915.4  2242.1  3227.1  7839.6  9327.6 11659.5  36792.0    40000
read     1957.0  1044.0   275.4  1505.6  1541.5  1715.2  1792.7  1841.1  1871.3  1946.4  2133.8  3316.3  7858.3  9328.8 13899.2  36386.4    45000
read     1944.8  1056.8   187.4  1500.9  1530.5  1695.8  1751.8  1813.1  1851.4  1902.4  2142.2  3315.3  7868.9  9199.3 12060.1  36522.0    50000
read     2006.8  1069.7   202.4  1526.2  1586.3  1751.4  1830.6  1867.8  1905.1  1991.6  2193.8  3425.1  7890.7  9733.0 12617.3  35488.4    55000
read     2014.8  1083.1   275.4  1538.6  1607.3  1769.4  1843.6  1878.5  1934.3  2007.6  2186.1  3356.3  7908.3 10052.6 14145.0  35542.6    60000
read     2069.7  1048.6   218.6  1588.6  1638.6  1824.2  1892.2  1962.8  2007.0  2091.1  2367.6  3430.5  7890.8  9591.3 11647.8  34433.4    65000
read     2087.3  1124.7   297.4  1581.3  1633.9  1812.7  1879.0  1949.6  2000.8  2101.4  2482.1  3494.2  7943.2 10162.4 15132.0  34220.9    70000
read     2047.8  1098.6   109.4  1535.8  1611.3  1775.8  1849.9  1884.7  1962.4  2063.8  2500.9  3428.0  7901.3  9449.7 14987.8  34968.8    75000
read     2040.6  1069.1   137.8  1563.1  1628.8  1806.4  1871.3  1925.3  1972.6  2020.0  2163.5  3407.1  7895.8  9729.3 14337.4  35039.6    80000
Warning! Detected max cpu usage > 95%
CPU Usage Stats (avg/min/max): 66.93%,1.00%,100.00%
