#type       avg     std     min      p5     p10     p50     p67     p75     p80     p85     p90     p95     p99    p999   p9999     QPS   target
read      268.3   200.3   101.3   168.4   180.1   235.4   271.2   291.8   306.3   322.0   345.0   396.3   909.6  2312.2  7418.8   4944.4     5000
read      312.8   220.3    86.8   163.2   181.2   284.8   326.5   348.9   366.8   389.4   424.2   492.3  1344.7  2583.2  7351.3   9976.2    10000
read      351.0   360.1    93.8   154.3   176.0   315.3   364.8   393.6   417.3   447.5   484.1   544.4  1276.6  5894.3  8086.1  14990.0    15000
read      382.2   455.8    86.8   148.1   170.2   333.4   395.5   437.2   463.8   495.5   536.0   603.4  1522.7  7434.1 10458.8  19993.2    20000
read      415.2   553.7    86.8   144.5   166.3   343.7   423.2   469.0   500.9   537.1   585.4   693.0  1756.0  7809.4 12490.6  24889.0    25000
read      448.9   486.1    86.8   148.3   173.9   376.5   472.5   521.0   554.5   595.0   657.9   806.0  1977.5  7451.5 10131.9  30057.8    30000
read      444.8   444.7    86.8   146.2   172.6   375.2   478.4   532.0   569.4   615.7   684.3   834.4  1700.4  7191.8  9113.4  34971.5    35000
read      652.5   698.7    86.8   159.8   200.0   474.2   625.1   750.5   899.2  1067.4  1241.8  1547.8  3380.6  7910.7 10247.7  40166.0    40000
read     1103.9   779.2    86.8   282.7   370.7  1124.3  1246.6  1306.5  1356.3  1433.5  1606.2  2120.7  3305.1  8098.1 10246.9  44991.2    45000
read     1538.9   873.7   127.6  1140.7  1192.5  1330.7  1391.9  1465.8  1540.2  1690.3  1890.4  2550.7  7599.4  8797.2 11767.5  45189.8    50000
read     1507.2   879.9   160.7  1101.1  1124.3  1269.4  1370.7  1529.9  1642.5  1721.3  1874.0  2454.9  7546.1  8713.7 12593.2  46093.5    55000
read     1632.3   944.7   109.4  1216.6  1265.4  1408.0  1472.8  1517.5  1580.8  1697.3  1990.5  2727.5  7681.0  8977.1 15014.8  42807.6    60000
read     1493.8   858.5   127.6  1128.6  1174.8  1300.4  1355.3  1381.1  1427.6  1488.2  1811.8  2526.1  7513.2  8137.7 10650.4  46432.4    65000
read     1430.9   798.8   160.7  1089.0  1117.8  1245.0  1295.2  1346.1  1377.8  1492.8  1835.9  2431.9  7178.5  8122.9 10449.1  48263.0    70000
read     1540.7   929.2   137.8  1147.7  1194.7  1323.0  1374.1  1422.3  1467.9  1559.5  1927.8  2596.0  7614.5  8954.0 13351.9  45246.2    75000
read     1526.1   885.0   173.5  1125.8  1169.8  1305.2  1367.4  1427.2  1502.0  1699.7  1932.3  2528.3  7579.0  8137.2 11002.6  45615.6    80000
Warning! Detected max cpu usage > 95%
CPU Usage Stats (avg/min/max): 65.83%,0.50%,100.00%
