#type       avg     std     min      p5     p10     p50     p67     p75     p80     p85     p90     p95     p99    p999   p9999     QPS   target
read      271.4   196.0    93.8   167.7   179.8   239.7   275.3   296.1   310.6   327.5   351.8   400.7   929.8  2355.4  7838.6   4984.8     5000
read      295.0   120.5    93.8   164.7   182.3   285.2   326.2   347.0   363.9   383.5   410.3   461.0   582.8  1375.8  3354.5  10107.0    10000
read      350.5   333.5    86.8   156.2   177.4   316.4   367.9   397.2   421.8   451.3   487.9   548.8  1367.9  5749.2  8024.8  15000.8    15000
read      359.8   228.3    86.8   149.5   171.5   339.3   402.8   443.7   469.0   499.6   537.1   593.9   831.2  3076.9  7721.0  20032.4    20000
read      372.9   252.5    86.8   145.4   167.7   346.5   424.0   467.4   496.4   528.4   568.0   632.9   900.8  3841.8  7334.3  24894.6    25000
read      485.7   681.9    86.8   144.2   168.3   369.2   466.4   516.9   551.8   599.3   683.0  1069.1  3706.8  8062.7 15209.2  29932.6    30000
read      505.2   518.9    80.4   152.8   185.9   414.7   521.0   577.6   621.3   682.1   788.4  1128.4  2154.0  7415.1 10660.9  35037.2    35000
read      580.8   628.2    80.4   154.4   187.2   429.9   555.2   633.4   712.1   881.3  1157.5  1547.3  2515.1  7891.3 10252.1  40025.4    40000
read      869.2   788.3    86.8   206.9   277.1   670.3  1030.1  1182.2  1252.8  1332.4  1466.9  1830.7  3567.9  8049.8 10989.4  44453.4    45000
read     1426.2   768.3   187.4  1071.5  1120.0  1263.4  1325.8  1360.9  1382.9  1468.6  1755.3  2433.1  7047.1  8111.1 10218.5  47900.2    50000
read     1468.3   816.4   148.8  1126.5  1169.3  1288.7  1345.9  1372.9  1401.1  1472.8  1727.4  2490.8  7456.6  8129.7 10945.4  47299.0    55000
read     1402.2   794.4   160.7  1053.0  1101.8  1217.4  1268.4  1312.8  1362.7  1487.3  1814.2  2363.1  7004.9  8138.2 12044.9  49128.4    60000
read     1471.9   873.8   109.4  1070.1  1110.0  1242.7  1319.6  1407.7  1552.1  1682.0  1943.3  2441.8  7439.1  8837.8 12237.3  47021.2    65000
read     1556.5   936.2   109.4  1175.6  1206.4  1342.7  1395.4  1449.3  1483.0  1569.3  1884.0  2637.8  7642.1  9827.7 14858.8  44912.6    70000
read     1499.9   860.3   148.8  1121.3  1161.9  1292.6  1355.7  1385.5  1453.3  1574.6  1883.3  2522.5  7538.4  8136.4 10558.1  46330.2    75000
read     1547.1   880.3   173.5  1180.1  1208.4  1345.1  1399.0  1452.7  1486.2  1588.3  1939.7  2612.6  7608.0  8828.0 14466.0  45092.0    80000
Warning! Detected max cpu usage > 95%
CPU Usage Stats (avg/min/max): 66.43%,0.50%,100.00%
