#type       avg     std     min      p5     p10     p50     p67     p75     p80     p85     p90     p95     p99    p999   p9999     QPS   target
read      252.4    97.2   101.3   167.0   178.2   234.0   266.7   286.0   299.7   315.6   336.0   368.9   541.5  1217.8  3114.6   4982.4     5000
read      300.8   208.0    93.8   164.0   181.5   283.3   323.7   344.6   360.7   379.0   404.4   457.7   685.7  2582.6  7398.7   9971.2    10000
read      384.2   510.5    86.8   154.7   175.9   318.5   369.2   399.6   427.8   460.2   501.9   593.6  2354.9  7736.5 10982.9  14881.0    15000
read      353.7   211.1    86.8   149.2   170.1   334.3   396.0   436.7   462.7   492.8   530.4   587.6   827.7  2897.0  7261.8  19933.3    20000
read      449.3   669.7    86.8   144.1   165.9   347.7   431.7   477.2   508.3   546.4   601.3   781.9  3239.7  8052.0 13699.7  24965.4    25000
read      426.7   426.3    86.8   145.1   168.7   363.4   457.5   506.7   541.3   583.2   640.4   768.4  1760.1  5868.6  9620.1  29998.4    30000
read      650.3   829.8    86.8   152.1   183.2   433.7   566.1   659.3   766.5  1012.7  1497.2  1732.3  3856.5  9239.0 15455.7  34979.6    35000
read      504.1   556.5    80.4   150.6   180.3   399.3   515.3   576.7   625.8   696.5   839.1  1132.6  2106.2  7828.7 10216.2  40036.8    40000
read     1182.5   818.8    93.8   307.4   409.6  1179.8  1296.5  1361.7  1427.1  1562.6  1763.3  2118.3  4137.8  8074.6  9951.7  45039.4    45000
read     1329.1   768.4   109.4   953.0  1020.5  1162.5  1226.9  1265.9  1306.5  1394.1  1833.0  2275.8  5989.3  8089.5  9826.2  50098.9    50000
read     1471.2   837.5   187.4  1107.4  1134.6  1267.0  1336.0  1375.3  1446.4  1618.7  1843.3  2476.8  7416.6  8131.6 10911.7  47088.6    55000
read     1509.9   840.1   148.8  1143.6  1193.0  1320.1  1371.7  1417.1  1465.0  1551.3  1814.0  2540.5  7546.7  8121.9  9994.2  45990.4    60000
read     1528.0   879.3   173.5  1131.3  1183.5  1314.2  1371.3  1428.1  1487.3  1680.4  1932.3  2542.2  7572.7  8422.1 10619.5  45489.4    65000
read     1485.5   881.9   101.3  1122.5  1161.3  1288.6  1346.9  1374.3  1407.3  1476.1  1725.2  2514.9  7544.6  9038.3 14406.1  46629.0    70000
read     1476.8   850.7   148.8  1108.0  1137.8  1273.5  1342.2  1377.5  1436.5  1558.2  1867.1  2488.1  7412.6  8616.7 13063.0  46865.8    75000
read     1549.8   871.3   187.4  1158.0  1199.5  1337.4  1396.6  1464.8  1532.2  1704.4  1930.4  2579.1  7584.6  8132.1 10818.5  44833.6    80000
Warning! Detected max cpu usage > 95%
CPU Usage Stats (avg/min/max): 66.46%,1.50%,100.00%
