read      250.7    99.7   101.3   161.2   173.7   238.3   269.3   287.0   299.5   315.8   337.7   372.4   459.9   889.6  4058.9  30251.9    30340  1777652512473  1777652522575
read      249.3    90.9    93.8   162.1   174.6   236.8   267.2   284.7   297.1   313.8   335.5   369.7   454.3   777.8  3411.2  30385.4    30345  1777652524091  1777652534196
read      254.7   103.4   101.3   165.4   178.4   242.9   272.9   290.6   303.5   318.7   340.3   373.3   458.6   777.8  4348.5  30349.1    30350  1777652535712  1777652545814
read      254.5    94.8   109.4   165.6   178.5   242.8   272.6   290.2   303.2   318.6   340.1   373.0   457.3   796.7  4011.9  30385.6    30355  1777652547330  1777652557435
read      256.2    96.9   109.4   166.7   179.6   244.3   273.9   291.4   304.3   319.1   340.6   374.3   462.8  1019.8  3744.0  30372.7    30360  1777652558951  1777652569069
read      251.2    94.7   101.3   163.9   176.4   238.8   268.8   286.3   298.5   314.8   336.2   370.1   455.5   902.2  4120.8  30375.9    30365  1777652570584  1777652580697
read      255.4    95.9   109.4   164.4   177.4   242.6   273.2   291.4   305.0   320.6   343.0   378.2   466.5  1025.3  3470.6  30403.9    30370  1777652582213  1777652592352
read      248.6   101.0   101.3   162.9   175.3   236.5   266.5   283.6   295.7   311.3   331.2   363.6   446.1   826.1  3694.1  30358.6    30375  1777652593875  1777652603979
read      255.2   104.8   101.3   165.5   178.5   243.5   273.6   291.1   303.9   318.7   339.6   371.7   453.0   993.3  4180.5  30311.3    30380  1777652605495  1777652615598
read      251.7    89.8   109.4   162.1   174.9   239.5   270.0   287.9   300.9   316.9   338.7   372.6   459.8   973.5  2953.3  30445.5    30385  1777652617113  1777652627219
read      254.5   105.3   101.3   164.0   177.3   242.0   271.9   289.9   303.2   319.2   341.9   377.2   460.0   937.4  3550.7  30282.1    30390  1777652628733  1777652638834
read      250.6   107.3   109.4   162.9   175.2   237.7   267.9   285.3   297.4   314.1   335.5   368.9   454.4  1099.2  4098.3  30345.4    30395  1777652640351  1777652650459
read      259.6   114.7   109.4   167.2   180.0   245.2   275.5   293.8   307.8   323.5   345.4   383.4   488.5  1533.3  4294.5  30525.8    30400  1777652651974  1777652662084
read      254.2   105.3   101.3   163.0   176.0   241.3   272.0   290.3   303.9   319.7   341.9   376.5   463.4   943.9  4360.7  30477.3    30405  1777652663598  1777652673702
read      253.5    96.8    93.8   163.2   176.3   240.7   271.0   289.1   302.5   318.8   341.6   376.3   465.5   889.4  3138.1  30285.2    30410  1777652675216  1777652685321
read      257.5   116.3   101.3   164.3   177.4   242.3   272.8   291.2   305.1   321.0   344.1   382.6   491.6  1710.3  4099.8  30394.5    30415  1777652686836  1777652696943
read      248.9    99.6   101.3   163.3   175.2   235.4   265.1   282.0   294.4   310.3   330.6   364.9   455.6  1381.1  3754.3  30394.0    30420  1777652698457  1777652708565
read      257.8   109.7   101.3   164.6   177.6   243.6   274.5   293.2   307.2   322.9   345.2   382.9   478.8  1599.9  3665.5  30368.8    30425  1777652710079  1777652720182
read      251.3   101.3   109.4   164.8   177.0   239.0   268.9   285.8   297.3   313.1   333.1   365.4   448.4  1262.6  3867.0  30428.2    30430  1777652721695  1777652731799
