read      250.3    96.8   101.3   161.4   174.2   237.7   268.3   285.9   298.5   315.0   337.0   371.9   459.3   877.0  3717.5  30376.3    30435  1777652733315  1777652743424
read      251.2    87.2   101.3   162.8   175.5   238.7   269.3   287.1   299.9   316.3   338.5   372.7   459.2   824.2  3064.1  30425.3    30440  1777652744941  1777652755063
read      251.3   100.4   101.3   161.1   173.9   238.8   269.9   288.1   301.2   317.2   338.9   372.4   457.0   798.7  4112.5  30493.4    30445  1777652756578  1777652766682
read      255.3    88.8   101.3   166.3   179.2   244.3   274.2   291.7   304.5   319.1   340.0   372.4   455.3   851.8  3185.5  30507.8    30450  1777652768196  1777652778301
read      253.3    95.7   101.3   165.2   177.8   241.2   270.9   288.6   301.4   317.1   338.8   372.2   457.8   807.2  4082.2  30512.0    30455  1777652779815  1777652789921
read      250.0    85.9   109.4   165.3   177.6   238.6   267.8   284.5   296.2   312.2   332.6   365.5   445.6   719.5  3225.6  30494.2    30460  1777652791434  1777652801536
read      249.3    95.9   109.4   163.0   175.3   236.2   266.1   283.2   295.7   312.3   333.9   368.6   457.9   989.6  3847.1  30466.4    30465  1777652803049  1777652813157
read      254.0    94.9   101.3   166.8   179.3   242.5   272.1   289.4   301.7   316.7   337.2   369.2   453.3   858.7  4092.1  30489.4    30470  1777652814671  1777652824773
read      251.9   115.5   101.3   163.5   175.8   238.2   268.1   285.5   297.8   314.3   335.5   369.4   462.9  1269.1  4687.7  30524.2    30475  1777652826287  1777652836398
read      245.6    93.9   109.4   163.0   174.8   233.9   262.7   278.7   291.1   306.1   325.1   358.4   435.4   835.6  4027.2  30325.7    30480  1777652837913  1777652848018
read      253.4    93.3   109.4   164.9   177.7   241.1   271.2   289.3   302.6   318.6   340.7   374.1   453.8   727.0  3531.3  30418.4    30485  1777652849531  1777652859633
read      246.6   100.6   101.3   163.7   175.6   234.4   263.1   279.2   291.8   307.0   326.2   359.4   439.4   858.8  4187.1  30552.1    30490  1777652861146  1777652871249
read      249.3    89.6   109.4   163.2   175.6   237.7   267.7   284.7   296.7   312.7   333.1   365.9   444.7   734.1  3967.6  30414.8    30495  1777652872763  1777652882864
read      249.4    90.8   101.3   163.4   175.6   236.5   266.5   283.8   296.3   312.9   334.4   368.4   451.8   913.6  3334.5  30437.9    30500  1777652884378  1777652894479
Warning! Detected max cpu usage > 95%
CPU Usage Stats (avg/min/max): 84.60%,7.58%,100.00%
#type       avg     std     min      p5     p10     p50     p67     p75     p80     p85     p90     p95     p99    p999   p9999      QPS   target       ts_start         ts_end
read      259.2   123.2    93.8   162.4   176.0   243.8   275.7   295.2   310.7   329.1   353.7   393.8   495.2  1075.8  5074.3  30019.2    30000  1777652896337  1777652906504
read      251.8    88.4   101.3   161.1   174.4   240.0   270.6   288.8   302.1   318.4   340.8   375.1   457.8   682.0  3181.6  30014.3    30005  1777652908018  1777652918148
read      253.6   100.9   101.3   164.4   177.4   241.4   271.1   288.8   301.6   317.3   338.9   372.4   458.1   886.3  4217.8  30025.2    30010  1777652919663  1777652929767
read      244.4    91.3   101.3   161.7   173.3   232.6   261.4   277.4   289.9   304.6   323.4   357.7   443.9   823.2  3456.6  29924.3    30015  1777652931280  1777652941383
read      253.7    95.8   101.3   164.8   177.2   240.5   270.8   288.5   301.2   316.8   338.4   372.8   469.9  1188.1  3157.2  30011.1    30020  1777652942898  1777652952999
read      245.3    93.6   101.3   162.1   173.9   233.0   261.6   277.8   290.4   305.4   324.6   358.8   445.2  1049.1  3537.8  29989.4    30025  1777652954513  1777652964616
read      246.2   102.0   101.3   161.4   173.3   233.3   262.1   278.4   291.4   307.5   328.7   364.2   447.9  1019.4  4146.8  30076.1    30030  1777652966131  1777652976234
