read      283.6   115.3   109.4   174.6   189.5   269.7   308.6   330.5   345.7   364.8   388.6   425.1   511.0  1276.3  4019.9  30258.9    30105  1777923528738  1777923538842
read      272.3   105.3   101.3   169.3   183.4   257.6   295.4   317.4   333.5   351.6   374.4   410.0   495.2  1016.9  3716.2  30156.6    30110  1777923540355  1777923550458
read      279.0   115.1   101.3   170.9   186.2   266.0   303.2   323.9   339.3   357.5   380.1   416.6   505.7  1408.2  4177.1  30084.3    30115  1777923551971  1777923562070
read      272.9   113.7    93.8   164.0   178.9   260.1   299.2   320.3   336.0   353.5   375.1   410.2   496.8  1228.3  4169.0  30119.9    30120  1777923563584  1777923573684
read      273.1   100.0   101.3   169.0   183.8   261.5   297.2   317.4   332.5   349.2   371.7   406.0   491.5   887.6  3666.0  30097.9    30125  1777923575196  1777923585296
read      267.0   123.8    93.8   163.4   177.5   253.0   290.9   312.3   327.5   345.0   368.1   401.3   480.5  1013.1  5531.2  30099.9    30130  1777923586809  1777923596909
read      285.1   119.2   109.4   174.2   189.8   272.4   310.7   332.0   346.5   365.3   388.7   424.9   511.2  1254.8  4379.6  30143.9    30135  1777923598421  1777923608521
read      270.3   121.2   101.3   169.5   183.4   256.5   292.4   313.1   328.1   345.1   368.4   402.1   483.7   974.0  4547.8  30144.4    30140  1777923610034  1777923620135
read      275.1   120.3   101.3   170.9   186.1   262.7   298.1   318.1   333.2   349.8   371.8   405.2   489.1  1286.9  4348.5  30248.4    30145  1777923621648  1777923631754
read      278.7   114.9   101.3   168.6   184.3   265.8   305.3   327.0   342.2   360.5   382.8   417.8   500.2  1300.3  3800.6  30189.0    30150  1777923633269  1777923643376
read      266.1   107.4    93.8   163.2   177.8   254.7   290.3   310.2   324.0   340.9   362.9   395.9   471.8   925.5  3951.4  30187.6    30155  1777923644889  1777923654992
read      270.3   105.5   101.3   166.1   180.7   256.1   294.2   316.0   331.7   348.8   371.6   404.1   490.2  1124.4  3486.9  30118.1    30160  1777923656505  1777923666605
read      258.3   103.3   101.3   160.8   173.7   244.5   279.4   299.7   314.6   332.2   354.4   390.8   473.8  1078.5  3719.7  30159.7    30165  1777923668117  1777923678217
read      273.3   107.3   101.3   169.2   183.8   259.2   296.4   318.2   334.4   352.6   375.0   410.5   496.2   987.1  4114.4  30211.1    30170  1777923679732  1777923689836
read      277.9   124.3   101.3   169.2   184.1   261.1   298.8   320.7   337.3   356.3   380.4   420.6   547.7  1701.5  4300.1  30177.1    30175  1777923691349  1777923701450
read      265.8   119.0   101.3   163.6   177.4   251.3   286.8   307.5   322.0   340.7   364.4   400.6   502.7  1259.9  3747.4  30296.7    30180  1777923702967  1777923713067
read      289.6   134.5   101.3   172.4   189.4   276.7   316.7   338.5   354.0   371.8   395.6   432.4   540.5  1271.7  5081.6  30249.9    30185  1777923714580  1777923724686
read      273.1    97.8   101.3   171.5   185.8   260.6   296.4   317.1   332.2   348.8   371.2   404.8   493.6   853.5  3562.8  30163.6    30190  1777923726200  1777923736301
read      280.1   111.5   101.3   167.7   184.4   267.7   306.1   327.5   342.8   361.5   384.9   421.9   514.2  1062.0  3548.0  30179.6    30195  1777923737816  1777923747918
read      282.6   116.5   101.3   167.5   183.9   269.7   308.9   330.3   345.1   364.2   388.1   425.5   529.2  1559.4  3850.3  30135.3    30200  1777923749433  1777923759537
read      266.6   106.0   101.3   164.4   178.5   252.6   289.9   311.3   326.3   343.8   367.2   401.4   484.3  1012.1  4065.6  30197.6    30205  1777923761052  1777923771155
read      268.8   114.8   101.3   164.3   178.8   255.1   291.4   312.2   326.9   344.0   367.6   402.9   505.9  1138.9  4478.1  30164.4    30210  1777923772668  1777923782769
read      263.8   118.0    93.8   161.7   175.3   248.3   284.5   305.2   319.7   338.1   362.0   399.5   520.4  1349.7  4123.8  30037.8    30215  1777923784284  1777923794390
read      288.0   133.1   101.3   167.9   183.7   269.9   313.1   337.0   354.2   373.9   400.5   445.2   596.7  1634.8  4325.2  30101.2    30220  1777923795906  1777923806009
read      280.1   115.0   101.3   172.9   188.2   265.5   303.3   325.1   341.0   360.3   384.6   422.5   513.9  1161.5  4061.8  30260.2    30225  1777923807524  1777923817627
read      290.1   127.9    93.8   174.2   190.6   275.9   315.3   337.1   352.5   370.8   395.4   433.3   546.1  1583.3  4555.6  30300.8    30230  1777923819141  1777923829243
read      277.0   124.4    93.8   167.0   182.7   264.0   301.2   321.7   337.4   355.3   378.2   416.7   520.3  1055.4  4854.5  30167.8    30235  1777923830757  1777923840860
read      279.3   112.9   109.4   173.1   187.6   264.8   302.4   323.8   339.7   358.6   382.6   421.3   518.8  1194.2  4009.6  30260.8    30240  1777923842373  1777923852479
read      278.1   116.6   109.4   173.2   187.8   262.5   298.1   318.8   334.5   352.2   375.6   417.2   554.8  1394.1  3947.7  30266.7    30245  1777923853993  1777923864099
read      276.4   126.0   101.3   169.7   184.2   260.0   295.3   316.0   331.6   349.4   374.1   418.8   578.9  1548.2  4037.7  30235.4    30250  1777923865616  1777923875720
read      293.8   136.5   101.3   175.7   191.4   273.9   314.0   336.9   353.5   373.2   400.4   448.3   680.1  1779.2  4069.3  30140.0    30255  1777923877233  1777923887336
read      282.3   119.8    93.8   165.5   181.5   266.2   307.3   330.1   346.1   366.4   392.3   433.1   576.9  1361.3  3831.4  30353.5    30260  1777923888851  1777923898953
read      286.6   136.3   101.3   170.3   186.9   272.0   311.3   333.0   347.9   367.3   391.8   430.8   553.8  1555.7  5324.5  30331.0    30265  1777923900468  1777923910579
read      280.9   133.3   101.3   167.8   183.6   265.9   303.3   324.2   339.9   358.8   383.2   424.1   557.3  1591.8  4741.3  30244.1    30270  1777923912093  1777923922200
read      288.1   120.0   101.3   172.4   188.5   272.6   312.6   334.6   350.1   369.4   394.5   434.1   581.8  1556.7  3842.4  30359.0    30275  1777923923716  1777923933842
read      281.3   110.9   101.3   173.5   188.5   266.5   304.3   325.9   341.9   361.4   386.1   424.9   528.6  1318.1  4119.5  30324.5    30280  1777923935357  1777923945462
read      275.1   114.1   101.3   166.9   182.2   261.9   298.2   318.5   333.7   350.8   373.6   412.7   528.4  1156.7  4551.6  30245.8    30285  1777923946980  1777923957087
read      281.0   124.7   101.3   170.0   185.2   264.1   301.5   322.7   338.8   357.9   382.7   425.4   589.4  1641.2  4316.0  30248.0    30290  1777923958601  1777923968707
read      301.1   164.2   101.3   176.2   192.2   278.9   320.5   343.5   360.8   380.6   406.4   457.4   728.3  2347.9  5175.3  30210.8    30295  1777923970223  1777923980332
read      283.3   115.5    93.8   167.8   184.8   269.9   309.4   331.2   346.0   365.1   389.0   427.2   543.5  1257.5  3477.9  30296.9    30300  1777923981847  1777923991956
read      287.9   123.5    93.8   170.4   186.8   272.3   312.6   334.7   350.2   369.2   394.6   434.4   589.3  1689.3  3789.6  30284.9    30305  1777923993471  1777924003573
read      294.2   131.1   109.4   175.5   191.6   279.3   319.5   341.6   358.0   376.4   401.5   443.8   573.9  1714.5  4635.8  30288.6    30310  1777924005087  1777924015193
read      276.5   110.1    93.8   165.9   181.5   263.9   301.6   322.1   337.8   355.9   378.8   416.2   524.0  1199.4  3597.9  30232.5    30315  1777924016708  1777924026809
read      291.7   139.6   101.3   173.4   188.9   273.0   314.4   337.7   354.6   374.0   400.7   446.7   618.9  1847.7  4720.7  30404.3    30320  1777924028323  1777924038425
read      309.2   152.9   101.3   180.4   197.2   290.4   335.2   360.2   377.8   398.9   426.5   469.2   621.7  2137.2  5945.5  30334.5    30325  1777924039940  1777924050045
read      276.9   143.9   109.4   169.2   183.0   257.5   294.2   315.7   331.7   350.1   376.1   420.8   593.5  1995.5  4986.3  30254.2    30330  1777924051560  1777924061661
read      287.3   138.0   101.3   174.6   190.1   270.4   308.3   329.5   344.4   363.8   388.6   429.1   585.8  1950.3  4597.6  30323.1    30335  1777924063176  1777924073280
read      291.1   147.5   101.3   174.8   190.0   273.0   312.8   335.1   351.1   370.5   396.4   438.0   586.0  2308.3  4690.1  30347.5    30340  1777924074794  1777924084901
read      286.9   128.3   109.4   174.3   188.4   267.9   309.8   333.7   350.9   371.3   397.9   438.2   578.2  1593.9  4309.7  30345.3    30345  1777924086415  1777924096517
read      291.7   136.2   109.4   174.4   190.0   274.1   314.9   337.8   354.6   374.0   400.4   442.1   573.6  2112.3  4784.8  30435.9    30350  1777924098030  1777924108133
read      263.2   124.7   109.4   165.1   177.7   245.9   280.7   301.1   316.0   334.1   357.4   394.5   507.0  2043.4  4272.2  30376.4    30355  1777924109647  1777924119756
read      284.7   124.6   109.4   173.2   187.5   266.6   308.0   331.9   348.6   369.1   395.2   433.7   546.4  1538.8  4014.5  30270.2    30360  1777924121270  1777924131372
read      288.3   121.8   109.4   175.0   190.0   272.0   311.7   334.2   350.2   370.1   395.6   434.6   553.7  1789.3  3891.5  30360.5    30365  1777924132885  1777924142988
read      288.0   145.1   101.3   168.1   184.4   269.6   309.8   332.6   348.6   369.5   397.0   443.5   609.6  1996.0  5488.9  30338.3    30370  1777924144501  1777924154603
read      283.1   137.3    93.8   166.3   181.2   261.9   302.2   325.9   343.3   365.7   395.5   448.2   639.7  1712.8  4823.8  30443.2    30375  1777924156117  1777924166216
read      278.8   115.0   101.3   167.8   182.8   262.6   302.6   325.5   342.4   362.9   388.9   429.0   538.4  1244.7  3836.0  30373.2    30380  1777924167730  1777924177837
read      313.5   206.9   101.3   178.5   195.1   285.3   330.1   355.6   373.5   396.2   426.3   478.0   762.7  3114.3  6164.1  30375.3    30385  1777924179350  1777924189452
read      314.1   291.0   109.4   172.1   186.9   270.5   313.4   338.5   357.3   380.0   411.7   473.6  1412.5  4216.9  6360.6  30381.0    30390  1777924190964  1777924201066
read      296.5   276.2   109.4   165.6   179.3   256.9   295.5   318.5   336.2   358.0   388.9   446.4  1125.1  3667.8  6386.2  30367.8    30395  1777924202581  1777924212680
read      304.3   175.6   109.4   176.6   193.1   284.5   327.8   351.8   369.3   390.7   418.2   464.0   630.7  2820.2  6356.2  30457.0    30400  1777924214194  1777924224295
read      283.1   116.1   101.3   174.2   189.2   268.5   307.7   329.5   344.8   363.9   387.6   424.8   521.5  1400.6  4251.8  30362.9    30405  1777924225809  1777924235912
read      283.1   125.0   101.3   171.2   187.1   269.0   308.7   330.5   345.5   364.7   388.6   425.7   520.8  1300.3  4521.9  30459.5    30410  1777924237425  1777924247525
read      284.4   135.5   101.3   166.7   183.0   267.9   306.8   328.7   344.1   363.9   389.7   432.5   600.8  1803.5  4960.6  30434.1    30415  1777924249041  1777924259141
read      285.8   159.3   101.3   166.5   182.0   264.1   301.8   322.9   339.6   360.0   388.0   438.7   729.0  2229.5  4345.0  30375.9    30420  1777924260655  1777924270763
read      306.6   174.6   109.4   179.6   196.0   281.0   320.6   344.0   362.2   383.7   413.2   470.2   810.4  2518.0  5516.3  30337.2    30425  1777924272279  1777924282393
read      287.1   123.1   101.3   173.6   189.2   272.7   312.9   335.1   350.9   369.9   394.6   432.0   537.3  1256.2  4389.0  30433.3    30430  1777924283906  1777924294010
