read      249.9    91.5   101.3   161.2   174.2   237.5   268.0   285.9   298.7   315.5   337.6   371.7   453.4   710.1  3723.0  30178.0    30145  1777652059270  1777652069378
read      246.5    91.2   101.3   159.0   171.6   234.8   264.9   282.0   294.6   311.0   332.2   366.3   445.3   677.1  3651.6  30120.2    30150  1777652070892  1777652080993
read      254.4   129.0   101.3   164.2   177.0   239.3   268.8   285.9   298.0   314.3   335.9   371.4   470.2  1941.7  4772.3  30146.9    30155  1777652082508  1777652092614
read      249.7   100.4   101.3   161.9   174.5   237.1   267.1   284.2   296.4   312.7   333.8   368.6   458.8   985.7  3997.8  30223.9    30160  1777652094130  1777652104233
read      264.9   125.5   101.3   163.4   176.6   245.2   278.4   298.1   313.8   333.2   361.1   414.2   629.9  1440.3  4170.6  30047.3    30165  1777652105748  1777652115854
read      252.7    99.2   101.3   161.2   174.3   240.7   271.6   289.6   302.6   318.4   340.4   374.6   464.8   787.9  4105.0  30157.0    30170  1777652117371  1777652127473
read      250.6    92.6   101.3   161.2   173.9   237.9   268.7   286.6   299.5   316.2   338.6   373.4   463.5   780.2  3754.2  30226.1    30175  1777652128989  1777652139094
read      249.0    98.0   101.3   159.6   172.5   235.9   266.5   284.3   296.9   313.9   336.2   372.3   464.8   864.2  3574.2  30207.4    30180  1777652140610  1777652150714
read      247.9    91.1   101.3   161.8   174.3   236.4   266.2   283.1   295.3   311.3   331.8   365.4   444.5   690.6  3885.0  30187.3    30185  1777652152229  1777652162331
read      249.7   108.1   101.3   160.8   173.2   237.1   267.9   285.5   297.8   314.4   336.3   371.5   457.6   737.9  3930.5  30209.2    30190  1777652163846  1777652173947
read      254.6    94.5   101.3   161.2   175.0   241.6   272.7   291.4   305.4   321.4   344.3   382.7   475.6   901.2  3413.7  30192.5    30195  1777652175462  1777652185567
read      250.1    92.5   101.3   161.5   174.6   238.3   268.4   285.8   297.9   314.5   336.0   370.4   455.4   704.5  3966.3  30143.2    30200  1777652187083  1777652197190
read      245.7    87.2    93.8   158.3   171.1   234.2   264.1   281.0   293.7   309.8   330.9   365.5   445.3   688.6  3264.9  30367.8    30205  1777652198706  1777652208809
read      253.6   108.2   101.3   162.2   175.3   240.3   270.6   288.3   300.9   316.7   338.5   373.6   470.1  1438.3  4108.4  30303.9    30210  1777652210324  1777652220427
read      249.6   103.0   101.3   159.3   172.4   237.4   268.0   285.6   297.9   314.5   336.3   370.4   453.7   885.6  4250.4  30219.0    30215  1777652221941  1777652232090
read      249.6    95.1   101.3   160.9   173.8   238.1   268.1   285.2   297.1   313.4   334.6   368.8   451.4   783.5  4060.3  30262.7    30220  1777652233605  1777652243708
read      250.1    90.1   101.3   162.4   175.5   239.0   268.6   285.7   297.6   314.0   335.1   368.9   446.1   669.6  3212.5  30152.7    30225  1777652245223  1777652255325
read      254.8    91.7   101.3   164.5   177.6   242.3   272.6   290.7   304.2   319.8   342.2   378.1   468.4   862.7  3408.1  30236.0    30230  1777652256839  1777652266940
read      250.9    93.7   101.3   162.9   175.5   238.8   269.1   286.8   299.3   315.7   337.4   371.4   454.3   766.6  3343.8  30272.6    30235  1777652268455  1777652278575
read      257.5   104.0    93.8   166.2   179.1   243.8   274.0   292.4   306.3   321.9   345.2   385.1   483.0   920.2  4299.7  30297.8    30240  1777652280092  1777652290197
read      258.3   115.6   109.4   165.3   178.6   244.9   275.3   293.6   307.5   323.4   345.6   383.1   472.7  1196.7  4395.6  30161.9    30245  1777652291712  1777652301815
read      256.6   108.1   101.3   167.4   180.4   244.8   274.2   291.5   304.2   318.9   340.2   373.6   465.0   956.8  4181.5  30274.6    30250  1777652303329  1777652313435
read      256.8   104.0   109.4   166.8   179.9   244.4   274.7   292.7   306.2   321.3   343.2   376.8   461.5   795.8  4138.7  30259.6    30255  1777652314951  1777652325055
read      253.8    99.8   109.4   164.3   176.9   240.4   271.1   289.5   303.0   318.9   340.9   374.6   465.1  1078.9  3658.1  30202.1    30260  1777652326570  1777652336671
read      252.0    93.8   101.3   164.9   177.3   239.2   269.3   286.9   299.4   315.6   336.8   370.3   462.6   950.7  4101.2  30271.6    30265  1777652338185  1777652348288
read      251.0   114.9   101.3   163.4   176.0   238.2   268.3   285.9   298.2   314.6   336.0   369.8   454.3   820.8  4350.8  30284.9    30270  1777652349801  1777652359906
read      254.5   110.2   109.4   166.3   178.8   241.7   271.9   290.2   303.7   319.6   341.6   375.4   459.2   698.8  3982.4  30253.9    30275  1777652361420  1777652371524
read      252.6   106.6   101.3   165.2   177.7   239.5   268.9   286.0   297.8   314.0   335.2   370.0   469.2  1096.4  4105.4  30274.0    30280  1777652373040  1777652383144
read      257.6    99.9   109.4   167.1   180.0   244.6   274.5   292.5   306.0   321.2   343.8   379.9   474.7  1041.5  4120.2  30225.0    30285  1777652384659  1777652394759
read      248.0    85.9   109.4   163.5   175.6   235.8   265.2   281.9   294.1   310.1   330.9   365.4   451.6   810.6  2718.7  30275.4    30290  1777652396273  1777652406379
read      259.1   107.9   101.3   165.8   179.2   245.7   276.6   294.9   309.2   325.6   347.4   385.4   481.1  1027.9  4372.9  30224.6    30295  1777652407895  1777652418001
read      248.2    99.3   109.4   164.1   176.3   236.1   264.9   281.1   293.2   308.7   328.7   362.5   442.1   858.1  4199.2  30381.9    30300  1777652419514  1777652429619
read      254.2    93.4   101.3   164.4   177.4   242.0   271.7   289.3   302.1   317.9   340.1   375.0   466.6   995.4  3268.8  30432.8    30305  1777652431134  1777652441239
read      252.2   110.3   101.3   161.9   175.0   239.1   269.4   287.4   300.4   317.0   339.5   374.7   463.4   859.9  4335.3  30287.1    30310  1777652442753  1777652452860
read      251.8   103.7   101.3   161.5   174.3   238.4   269.0   286.7   299.3   315.7   337.5   372.5   463.5  1643.1  3394.9  30189.5    30315  1777652454376  1777652464476
read      255.9   104.6   101.3   163.7   176.7   243.3   274.2   292.4   305.9   321.0   343.2   377.3   465.9  1173.7  3528.7  30320.0    30320  1777652465989  1777652476098
read      255.7   126.9   101.3   164.5   177.2   241.4   271.7   289.7   302.8   318.3   340.5   374.6   467.1  1803.3  4897.9  30342.5    30325  1777652477612  1777652487718
read      250.9    97.8   109.4   163.8   176.1   238.2   268.5   286.0   298.4   314.7   336.2   370.0   455.4   881.0  3368.8  30357.3    30330  1777652489232  1777652499331
read      255.3   100.3   101.3   164.3   177.0   241.3   271.7   289.8   303.2   319.2   342.3   381.4   494.4  1073.4  3464.4  30222.9    30335  1777652500847  1777652510957
