read      275.4   118.0   109.4   174.4   189.0   261.2   294.5   313.7   327.6   344.0   366.8   402.5   536.6  1500.1  3834.9  30279.3    30215  1777917086222  1777917096322
read      271.3   101.0   109.4   178.1   192.1   260.6   291.4   309.0   320.9   337.1   357.2   389.2   468.4  1198.5  3846.0  30237.1    30220  1777917097837  1777917107937
read      261.2    95.3   101.3   169.9   183.4   250.1   280.9   298.0   311.5   326.5   345.7   377.8   463.1   996.7  3354.1  30228.9    30225  1777917109450  1777917119555
read      261.3    93.0   109.4   171.6   185.0   250.8   281.3   298.3   311.4   326.1   345.2   375.3   455.3   777.6  3227.8  30256.8    30230  1777917121067  1777917131167
read      271.8   105.5   109.4   177.2   191.5   260.9   292.1   309.9   321.9   338.1   358.4   390.5   471.1  1102.1  4098.8  30249.5    30235  1777917132681  1777917142781
read      260.2   102.9   101.3   169.8   182.8   247.9   278.5   296.2   309.8   324.9   344.6   375.2   459.7  1217.9  3546.3  30204.8    30240  1777917144295  1777917154396
read      269.7   101.6   109.4   176.2   190.1   258.7   290.0   307.6   319.6   335.7   355.4   386.9   468.0  1308.5  3541.2  30277.8    30245  1777917155909  1777917166013
read      265.7   105.4   109.4   175.8   189.0   253.1   283.7   301.0   314.0   329.6   349.3   381.7   468.3  1301.5  4094.2  30376.6    30250  1777917167526  1777917177630
read      266.7   110.2   109.4   173.4   187.2   254.9   286.8   304.8   317.5   333.4   352.6   383.7   464.5  1236.2  4127.1  30296.3    30255  1777917179143  1777917189244
read      266.9   102.6   109.4   175.6   189.1   255.3   285.8   303.0   315.7   331.4   351.0   382.9   464.9  1270.6  3485.8  30231.2    30260  1777917190757  1777917200856
read      271.7   111.8   118.1   176.6   190.6   259.6   291.0   308.8   320.8   337.5   358.2   390.9   479.7  1486.1  4049.0  30198.0    30265  1777917202369  1777917212469
