read      273.9   116.1   109.4   174.5   188.7   259.4   292.0   312.2   327.2   345.5   370.5   408.5   506.5  1217.2  4061.6  30433.2    30430  1777919548756  1777919558856
read      266.0   102.1   109.4   172.9   186.3   253.6   284.5   302.5   316.2   333.2   355.2   391.3   481.8   922.0  4150.7  30383.4    30435  1777919560371  1777919570474
#type       avg     std     min      p5     p10     p50     p67     p75     p80     p85     p90     p95     p99    p999   p9999      QPS   target       ts_start         ts_end
read      282.8   125.7   101.3   172.6   188.1   266.5   303.9   325.8   342.5   363.2   389.6   430.8   544.9  1633.6  4275.1  30001.9    30000  1777919761621  1777919771776
read      278.5   157.3   101.3   166.9   182.5   261.9   300.6   323.4   340.8   361.4   387.2   427.4   530.6  1156.3  9506.9  29911.8    30005  1777919773291  1777919783414
read      280.9   106.3   101.3   174.1   188.9   264.6   303.0   325.9   343.2   364.3   390.6   430.4   527.6   943.6  3525.7  29997.3    30010  1777919784927  1777919795025
read      293.7   143.9   101.3   177.0   192.6   272.9   313.3   336.8   354.3   374.6   401.5   445.4   605.3  2028.1  4825.6  29994.1    30015  1777919796538  1777919806642
read      287.2   123.4   109.4   177.7   193.1   270.6   309.5   332.1   347.9   368.1   393.3   431.4   531.3  1738.3  4301.1  30090.5    30020  1777919808154  1777919818254
read      281.4   120.2   109.4   174.9   189.4   265.2   303.2   325.1   341.6   361.8   386.9   424.9   512.8  1690.7  3842.1  30044.2    30025  1777919819768  1777919829869
read      278.6   125.1   101.3   170.6   185.6   262.2   300.2   322.4   339.4   359.4   384.4   422.7   509.2  1683.0  4830.2  30011.6    30030  1777919831384  1777919841484
read      279.9   115.3   101.3   174.5   189.0   263.1   300.5   322.9   340.0   360.5   386.3   425.6   526.1  1331.1  4873.1  30021.2    30035  1777919842998  1777919853098
read      303.2   118.4   109.4   181.7   198.5   288.3   333.5   358.0   374.6   395.0   420.5   459.3   549.4  1235.2  3993.1  30081.9    30040  1777919854609  1777919864707
read      289.9   122.1   101.3   178.2   193.8   274.1   314.0   336.8   353.3   372.4   397.3   434.1   529.0  1521.6  4561.3  30068.0    30045  1777919866220  1777919876317
read      260.3    97.3   101.3   166.3   179.9   246.9   279.5   298.7   313.7   331.4   353.9   388.6   462.8  1038.8  3598.1  30077.2    30050  1777919877830  1777919887928
read      293.4   117.7   101.3   177.2   193.1   274.4   316.0   340.5   359.2   381.1   409.3   457.9   587.2  1177.0  3528.3  30059.1    30055  1777919889441  1777919899542
read      301.4   167.1   109.4   177.3   193.5   281.5   324.8   349.4   367.3   388.3   415.1   459.7   604.7  2229.9  7160.6  30112.6    30060  1777919901056  1777919911154
read      281.1   118.1   109.4   174.7   189.0   263.3   302.2   325.3   341.9   362.1   387.1   424.9   522.9  1799.7  3910.9  30132.0    30065  1777919912668  1777919922766
read      270.0   118.3   101.3   170.1   183.2   252.7   288.9   310.6   326.3   344.7   369.3   404.2   495.6  1618.7  3687.9  30058.4    30070  1777919924278  1777919934377
read      273.9   136.9   109.4   170.2   183.3   254.7   291.9   314.1   330.5   349.3   373.4   411.0   521.9  2121.4  4395.3  30118.2    30075  1777919935889  1777919945992
read      273.2   125.4   109.4   169.5   183.1   254.2   291.5   313.9   330.4   349.5   374.3   414.5   536.5  1705.2  4285.8  30082.0    30080  1777919947506  1777919957608
read      280.8   122.6   109.4   173.1   187.2   262.8   302.7   326.0   343.1   363.5   388.9   427.6   536.0  1391.4  3968.0  30061.0    30085  1777919959122  1777919969221
read      309.0   156.1   101.3   179.4   197.2   288.1   333.2   358.9   376.7   398.3   426.7   472.5   664.2  2073.5  4968.6  30112.0    30090  1777919970737  1777919980840
read      274.8   114.3   109.4   171.3   185.7   259.1   293.7   314.4   330.2   348.7   373.7   414.8   540.4  1391.7  3870.4  30001.8    30095  1777919982354  1777919992454
read      300.4   244.0   109.4   169.7   183.6   259.2   296.9   319.9   338.5   362.2   396.9   485.4  1152.8  3533.7  6197.7  30160.2    30100  1777919993967  1777920004067
read      369.5   373.1   109.4   181.3   198.8   296.1   348.0   381.2   406.7   443.4   506.7   692.1  2031.2  5246.2  7330.6  30157.9    30105  1777920005582  1777920015682
read      302.7   194.7   109.4   174.7   190.0   273.8   316.7   341.7   360.7   383.2   413.1   466.4   776.3  3154.2  6000.1  30082.6    30110  1777920017200  1777920027301
read      291.3   235.4   101.3   168.8   182.9   258.7   295.3   317.2   334.2   354.6   383.1   435.8   890.8  3430.8  6310.5  30166.3    30115  1777920028816  1777920038923
read      263.0   119.7   101.3   162.0   175.8   246.5   281.7   302.9   318.7   338.3   363.5   401.3   509.0  1333.7  4062.0  30190.8    30120  1777920040439  1777920050539
read      275.2   108.7   101.3   171.7   186.6   260.4   296.4   318.4   334.8   353.5   377.6   415.1   502.3  1131.3  4096.4  30087.4    30125  1777920052051  1777920062150
read      270.0   102.0   101.3   170.0   184.5   258.2   291.5   311.1   325.0   342.3   365.3   399.3   482.6  1036.6  3866.9  30108.7    30130  1777920063662  1777920073765
