read      288.9   122.9   101.3   171.0   187.7   272.6   315.2   339.4   357.1   377.1   402.2   442.2   544.3  1326.5  4223.7  30063.0    30135  1777920075278  1777920085381
read      278.8   105.2   101.3   176.4   191.9   266.8   300.6   320.0   335.2   352.3   374.0   407.8   490.8  1237.5  3858.5  30066.3    30140  1777920086895  1777920096998
read      274.8   113.7   101.3   175.4   189.8   260.4   294.1   314.7   330.3   348.6   372.9   409.4   498.1  1045.9  3962.4  30172.2    30145  1777920098512  1777920108612
read      282.2   110.3   101.3   173.3   189.1   267.3   305.4   327.7   344.0   364.2   389.0   426.7   523.8  1158.4  3810.2  30132.3    30150  1777920110125  1777920120229
read      296.1   127.2   101.3   182.1   198.8   281.6   319.0   341.0   357.1   375.0   399.2   436.3   544.6  1705.6  5028.4  30059.4    30155  1777920121744  1777920131846
read      288.9   124.7   101.3   177.0   192.3   272.3   311.0   333.4   349.3   369.4   395.0   434.4   556.6  1631.6  4778.7  30065.5    30160  1777920133360  1777920143465
read      282.2   126.4   109.4   174.5   188.8   266.2   303.7   324.9   340.7   359.9   383.9   421.4   536.4  1870.0  4428.2  30211.0    30165  1777920144978  1777920155083
read      289.9   126.3   109.4   179.0   194.2   273.2   313.2   336.8   354.0   373.9   399.3   435.7   529.0  1355.3  4291.8  30184.4    30170  1777920156597  1777920166700
read      286.1   125.3   118.1   176.2   190.9   267.6   307.2   331.2   348.4   369.3   395.2   433.5   537.0  1894.4  3937.7  30104.8    30175  1777920168211  1777920178312
read      272.2   123.4   109.4   173.1   186.3   255.2   289.8   310.6   325.7   344.1   368.7   404.3   507.8  1817.2  4304.0  30158.7    30180  1777920179826  1777920189926
read      278.8   126.3   109.4   175.7   189.8   263.5   298.9   319.8   336.0   354.7   378.6   415.9   508.6  1516.0  4906.9  30169.3    30185  1777920191438  1777920201537
read      276.3   116.8    93.8   171.6   187.3   262.6   296.9   317.5   333.0   350.9   374.5   412.7   508.4  1292.1  4585.6  30183.2    30190  1777920203049  1777920213153
read      281.1   126.2   101.3   174.0   189.3   266.5   301.7   321.7   337.7   356.5   380.7   420.0   525.2  1759.8  4501.2  30228.0    30195  1777920214666  1777920224770
read      285.2   115.3   109.4   174.6   190.0   270.1   307.9   330.0   345.8   366.2   391.4   429.9   539.0  1366.4  3912.6  30162.5    30200  1777920226285  1777920236389
read      273.2   186.2   101.3   164.9   178.3   249.7   284.9   305.3   319.7   338.7   363.3   402.5   589.0  3079.4  6082.4  30115.5    30205  1777920237903  1777920248005
read      303.8   281.2   109.4   173.2   187.6   265.0   301.9   323.0   339.6   360.2   388.6   444.0  1315.9  4083.0  6408.3  30161.4    30210  1777920249518  1777920259623
read      298.8   174.6   101.3   175.2   191.3   276.4   319.0   343.2   361.4   382.1   408.1   453.3   613.4  3029.0  6278.5  30304.5    30215  1777920261137  1777920271238
read      280.4   135.1   101.3   173.7   188.7   264.8   299.8   319.7   335.6   353.9   377.7   416.6   531.2  2064.4  5270.8  30235.7    30220  1777920272751  1777920282851
read      274.1   116.5   101.3   168.8   183.8   260.0   295.7   316.8   332.8   351.3   375.1   413.2   500.3  1251.7  4291.2  30236.2    30225  1777920284365  1777920294466
read      271.8   108.5   101.3   169.2   184.1   257.7   293.1   314.2   329.9   347.9   372.1   407.5   494.1  1203.9  3472.7  30259.4    30230  1777920295979  1777920306082
read      283.4   115.2   101.3   174.0   189.5   268.7   307.6   330.4   346.5   366.8   391.4   427.8   511.6  1069.4  4527.9  30257.9    30235  1777920307594  1777920317694
read      267.7   104.8   101.3   165.4   180.0   253.2   289.6   311.3   326.9   345.5   370.1   404.8   490.8   898.2  3618.8  30248.3    30240  1777920319207  1777920329312
read      268.1   117.6   101.3   166.3   180.7   253.9   289.3   310.2   325.2   343.5   367.7   402.0   484.8  1251.2  4979.4  30181.3    30245  1777920330825  1777920340938
