read      272.1   120.3   101.3   166.5   181.7   257.9   292.9   313.1   327.9   345.2   369.5   405.5   506.3  1656.1  4248.4  30315.5    30250  1777920342451  1777920352554
read      272.1   108.5   101.3   170.6   185.5   258.7   293.6   314.2   329.4   346.8   370.8   405.5   493.2   985.3  4062.0  30190.8    30255  1777920354067  1777920364168
read      282.6   113.2   101.3   176.9   191.9   267.9   303.8   325.0   341.3   361.2   386.0   424.2   513.0  1292.8  4196.5  30329.4    30260  1777920365680  1777920375784
read      284.6   108.2   101.3   179.2   194.7   271.7   307.4   327.9   343.0   361.9   385.5   421.1   505.5  1124.5  3901.8  30317.4    30265  1777920377298  1777920387397
read      290.3   168.1   109.4   174.6   190.5   273.1   313.3   336.3   352.9   372.8   398.7   436.8   543.9  1597.2  7039.8  30224.7    30270  1777920388910  1777920399014
read      301.6   137.4   109.4   177.5   194.3   285.0   327.8   351.8   369.2   390.2   416.8   460.1   582.3  1997.5  5237.4  30246.5    30275  1777920400527  1777920410625
read      270.3   113.2   101.3   168.9   182.8   254.8   290.2   311.1   326.2   344.4   369.2   405.5   504.0  1405.8  4095.6  30337.1    30280  1777920412138  1777920422242
read      270.4   108.8   101.3   167.5   181.9   255.4   292.6   314.6   330.7   349.1   373.2   409.5   490.3  1025.7  3571.8  30258.1    30285  1777920423756  1777920433857
read      282.1   123.7   109.4   171.9   186.4   265.2   306.0   329.9   346.8   367.7   393.2   430.4   520.5  1447.5  4391.1  30307.3    30290  1777920435371  1777920445473
read      305.8   129.4   109.4   181.5   198.8   291.0   334.8   359.2   375.9   396.8   423.3   463.1   563.9  1569.3  4483.2  30290.7    30295  1777920446987  1777920457094
read      293.5   126.8   109.4   176.8   192.4   276.7   319.6   343.5   361.3   381.5   405.8   445.7   546.7  1532.1  4533.1  30228.0    30300  1777920458606  1777920468708
read      266.3   112.3   101.3   167.6   181.5   252.9   286.3   305.8   319.6   337.6   360.5   396.1   491.6  1194.8  4118.8  30259.5    30305  1777920470223  1777920480324
read      273.7   117.0   109.4   173.1   187.1   259.9   293.5   313.0   327.3   344.2   368.1   404.1   516.7  1314.3  4254.0  30281.9    30310  1777920481838  1777920491941
read      288.9   204.3    93.8   171.3   185.7   261.4   298.6   320.6   338.1   359.1   387.1   434.5   723.5  3289.5  6384.6  30237.2    30315  1777920493455  1777920503557
read      303.9   288.1   109.4   171.9   185.8   261.0   300.0   323.3   341.2   363.4   393.0   451.2  1451.8  4147.0  6349.8  30251.0    30320  1777920505071  1777920515175
read      314.2   253.7   109.4   176.9   192.9   279.1   324.0   349.7   369.0   391.8   421.8   475.4   854.0  3766.7  6759.8  30289.2    30325  1777920516690  1777920526792
read      293.8   150.6   101.3   175.7   191.4   274.1   315.2   338.9   356.4   376.5   402.1   445.9   583.8  2927.9  5156.8  30324.2    30330  1777920528305  1777920538405
read      273.3   115.2    93.8   164.6   180.8   261.9   297.4   317.7   333.0   350.3   373.0   407.5   489.3  1068.4  4193.0  30289.8    30335  1777920539919  1777920550019
read      269.3   107.7    93.8   167.2   182.1   255.9   291.2   312.0   327.1   344.8   368.7   402.3   483.5  1085.2  3872.0  30248.2    30340  1777920551531  1777920561633
read      275.2   111.4   101.3   165.7   181.0   259.2   299.8   323.1   340.5   360.8   385.6   422.4   507.5  1025.6  4221.9  30385.3    30345  1777920563147  1777920573248
