read      224.5    83.0    86.8   142.6   154.9   215.1   242.4   258.0   269.4   283.1   300.6   331.8   408.8   664.1  2989.2  30126.8    30140  1777548618581  1777548628696
read      222.2    80.3    86.8   139.6   152.0   212.7   240.9   257.3   269.1   283.0   300.2   329.6   399.4   609.1  2889.7  30185.1    30145  1777548630208  1777548640320
read      218.7    80.5    86.8   141.3   153.1   210.4   236.3   251.7   262.9   274.8   291.6   316.3   372.8   565.3  3049.0  30120.7    30150  1777548641830  1777548651941
read      218.6    85.6    86.8   140.8   151.9   209.6   236.5   253.0   264.7   277.3   293.6   317.9   372.4   579.5  3172.1  30262.9    30155  1777548653452  1777548663565
read      221.3    82.7    80.4   138.8   151.0   211.3   240.0   256.6   268.7   282.7   300.1   330.6   401.3   603.6  3224.3  30196.5    30160  1777548665075  1777548675189
read      222.7    78.6    86.8   140.4   152.4   213.3   241.6   257.8   269.7   283.8   301.3   330.9   401.9   590.1  2509.6  30250.2    30165  1777548676699  1777548686816
read      219.2    85.0    80.4   133.2   146.0   209.6   239.3   256.5   268.8   283.0   300.5   330.0   399.1   627.6  3066.1  30242.7    30170  1777548688325  1777548698438
read      217.3    90.3    86.8   133.8   146.5   207.7   236.3   253.3   265.4   278.7   295.8   322.5   388.7   546.5  3292.6  30064.9    30175  1777548699948  1777548710061
read      218.9    83.2    80.4   133.3   146.3   209.3   239.2   256.2   268.4   282.3   299.3   327.8   395.1   602.3  2983.8  30201.5    30180  1777548711570  1777548721682
read      217.1    85.8    86.8   135.8   148.3   207.3   235.6   252.4   264.5   277.7   295.0   320.5   381.0   565.3  3379.2  30020.6    30185  1777548723194  1777548733310
read      214.1    76.5    86.8   136.4   148.2   204.4   231.9   248.0   259.4   272.1   289.0   314.2   371.8   717.1  2714.3  30211.5    30190  1777548734823  1777548744937
read      213.7    83.9    86.8   137.4   148.9   204.3   231.3   247.1   258.3   271.3   288.0   312.7   366.3   536.4  2983.4  30295.8    30195  1777548746448  1777548756561
read      215.3    89.6    86.8   133.7   146.7   206.1   234.2   250.8   262.6   275.0   291.9   316.3   371.0   580.4  3725.4  30117.7    30200  1777548758072  1777548768183
read      219.0    70.8    86.8   142.4   153.9   210.8   236.6   252.3   263.7   275.7   292.5   316.7   371.7   554.9  2696.1  30286.0    30205  1777548769694  1777548779806
read      224.4    81.6    86.8   146.9   158.6   215.1   241.5   257.1   268.5   281.6   297.4   323.7   385.3   673.3  3353.0  30130.5    30210  1777548781317  1777548791431
read      221.7    85.7    86.8   141.1   153.6   212.7   239.7   255.3   267.1   280.1   296.4   323.0   386.8   678.5  3300.3  30210.0    30215  1777548792943  1777548803053
read      224.0    86.7    93.8   143.1   155.3   214.3   242.1   258.0   269.3   282.6   298.7   327.0   398.9   718.8  3627.9  30070.7    30220  1777548804565  1777548814676
read      229.3    87.0    93.8   148.5   160.7   219.0   247.0   263.1   274.0   288.1   305.6   334.3   402.9   984.7  3123.3  30186.7    30225  1777548816186  1777548826301
read      222.0    86.5    86.8   140.2   152.5   212.3   240.1   256.1   267.9   281.3   297.6   326.1   396.2   706.8  3147.4  30310.9    30230  1777548827815  1777548837928
read      218.9    86.1    86.8   140.8   152.8   208.9   234.5   249.8   260.9   273.5   291.3   319.2   400.2   791.0  3250.2  30232.6    30235  1777548839440  1777548849554
read      221.1    77.7    86.8   142.0   154.2   212.8   239.2   254.1   265.3   277.2   294.1   321.0   391.8   581.8  2509.3  30269.3    30240  1777548851066  1777548861184
read      214.5    81.3    93.8   139.4   150.4   204.5   231.1   246.4   257.2   270.3   287.4   314.6   380.7   614.3  3394.3  30238.2    30245  1777548862695  1777548872806
read      218.0    77.0    86.8   138.1   149.9   208.2   235.3   251.5   263.3   276.0   294.0   321.5   397.3   735.7  2733.9  30266.1    30250  1777548874317  1777548884430
read      220.3    88.0    86.8   139.9   151.6   208.7   235.7   252.2   264.3   277.7   296.0   328.7   423.7   877.3  3181.7  30265.9    30255  1777548885943  1777548896057
read      219.3    86.0    93.8   142.0   153.9   210.3   235.6   251.0   261.9   273.7   290.8   317.0   388.2   667.9  3337.8  30141.5    30260  1777548897569  1777548907684
read      222.6    77.7    80.4   138.6   151.4   213.8   242.2   258.4   270.2   284.5   302.4   332.0   400.2   573.0  2527.0  30226.4    30265  1777548909195  1777548919308
read      219.8    80.3    80.4   133.3   146.2   209.9   239.2   256.4   268.9   283.7   302.6   333.5   403.4   610.9  2702.9  30328.4    30270  1777548920819  1777548930934
read      221.1    81.7    86.8   138.3   150.2   210.8   240.2   257.3   269.5   283.9   301.8   332.3   402.3   587.3  2914.2  30354.4    30275  1777548932446  1777548942560
read      222.6   108.0    80.4   137.6   149.8   210.9   239.9   256.9   269.0   283.2   300.8   330.5   409.3  1222.3  5097.6  30242.9    30280  1777548944072  1777548954182
read      219.6    85.6    86.8   139.8   152.2   210.8   237.8   253.6   265.2   277.6   293.8   318.4   375.2   598.0  3870.1  30340.2    30285  1777548955692  1777548965817
read      217.6    86.1    80.4   133.3   146.3   208.1   236.7   253.4   265.6   279.2   296.4   324.4   393.4   563.0  3106.2  30209.7    30290  1777548967328  1777548977443
read      214.9    90.1    86.8   131.9   144.5   204.7   233.0   249.4   261.4   274.5   292.8   321.2   394.0   617.3  3229.2  30348.7    30295  1777548978954  1777548989067
read      222.6    84.0    86.8   138.6   151.0   212.9   241.5   257.9   269.7   283.9   301.7   331.9   402.1   749.4  3783.6  30278.1    30300  1777548990578  1777549000690
read      220.2    89.0    86.8   136.7   148.9   209.9   240.1   257.6   269.9   284.2   301.7   330.9   397.4   557.4  3028.7  30346.9    30305  1777549002202  1777549012316
read      218.5    81.4    86.8   133.6   146.6   208.7   238.0   254.9   267.5   281.6   298.9   329.3   399.1   570.5  3002.9  30322.9    30310  1777549013828  1777549023940
read      220.6    81.5    86.8   139.1   150.9   210.7   239.2   255.9   268.1   281.9   298.8   327.1   391.5   562.9  3312.4  30278.0    30315  1777549025450  1777549035562
read      217.8    83.6    86.8   138.5   150.2   208.5   235.5   251.8   263.3   275.3   292.4   317.9   379.8   821.1  3170.7  30361.9    30320  1777549037073  1777549047200
read      215.0    79.1    93.8   137.6   149.3   206.5   232.8   248.5   259.7   272.2   288.9   313.9   368.4   523.5  3212.0  30351.0    30325  1777549048710  1777549058825
read      220.0    74.4    86.8   143.1   154.4   211.1   237.8   253.6   265.2   277.7   294.2   318.6   373.5   531.0  2870.0  30323.3    30330  1777549060335  1777549070446
read      214.6    74.6    93.8   138.7   150.5   206.3   232.3   247.8   258.8   271.3   287.4   311.4   365.3   513.7  2415.7  30319.8    30335  1777549071957  1777549082070
read      223.1    78.8    93.8   144.4   156.5   214.4   240.2   255.3   266.8   279.6   296.1   322.5   388.4   629.1  3142.6  30367.3    30340  1777549083581  1777549093691
read      227.0    92.0    93.8   147.6   159.3   217.2   245.1   261.1   272.1   285.8   302.4   329.7   393.6   729.5  3295.6  30283.6    30345  1777549095202  1777549105316
read      228.0    76.4    93.8   149.5   161.2   219.3   246.6   262.3   273.0   286.7   303.5   330.8   391.3   574.9  3063.1  30415.7    30350  1777549106827  1777549116942
read      220.2    73.1    86.8   143.0   154.9   211.9   237.6   252.8   264.0   275.8   292.6   317.6   376.7   576.4  2984.1  30235.1    30355  1777549118453  1777549128565
read      222.6    81.5    86.8   144.5   156.3   213.2   239.9   255.3   266.6   279.1   295.1   320.4   390.3   796.1  3227.6  30265.2    30360  1777549130076  1777549140191
read      225.4    80.3    86.8   145.8   158.0   215.7   243.2   259.1   270.3   283.9   300.6   328.2   395.4   753.0  3054.3  30428.4    30365  1777549141702  1777549151816
read      225.4    80.7    86.8   147.7   159.4   216.4   243.2   258.4   269.5   282.7   298.9   326.5   390.2   666.7  3325.0  30282.2    30370  1777549153326  1777549163441
read      223.3    85.8    93.8   146.6   158.0   213.3   239.6   255.1   266.7   279.4   295.6   321.0   387.5   815.7  3352.5  30416.9    30375  1777549164953  1777549175063
read      222.3    73.0    93.8   148.9   160.0   214.1   239.0   253.3   264.1   275.4   292.2   317.2   375.2   634.4  2931.6  30378.9    30380  1777549176575  1777549186686
read      219.8    80.9    93.8   145.5   156.4   210.4   235.5   250.8   261.9   273.9   290.8   316.2   376.3   808.7  3144.2  30305.9    30385  1777549188198  1777549198313
read      224.5    92.7    93.8   146.3   157.6   214.0   240.4   255.7   267.5   280.7   297.1   325.5   394.6  1025.5  3475.0  30425.5    30390  1777549199825  1777549209941
read      227.9    85.2    86.8   145.5   158.0   218.1   245.6   261.5   272.6   287.0   305.4   336.2   411.4   723.1  3255.1  30378.9    30395  1777549211452  1777549221575
read      228.7    98.4    86.8   144.8   157.3   218.1   246.5   262.6   273.6   288.0   306.1   335.5   406.7  1101.8  3877.5  30366.8    30400  1777549223085  1777549233202
read      221.4    77.0    86.8   142.4   153.9   211.6   239.4   255.5   267.5   281.0   297.3   325.3   390.9   593.8  2787.1  30420.4    30405  1777549234716  1777549244833
read      219.8    84.5    80.4   139.8   152.1   210.5   237.5   253.7   265.6   278.5   295.3   321.0   384.9   710.7  2781.5  30390.0    30410  1777549246343  1777549256460
read      219.8    81.9    86.8   137.5   149.8   210.4   239.1   255.4   267.4   280.8   296.8   322.5   388.0   670.1  3073.1  30309.1    30415  1777549257972  1777549268087
read      218.0    81.7    86.8   139.8   150.9   207.1   234.5   251.0   263.2   276.6   294.8   323.1   395.6   728.7  3035.5  30392.3    30420  1777549269598  1777549279710
read      220.9    84.9    86.8   140.1   151.6   209.3   236.9   253.7   266.0   279.8   297.4   329.2   410.9  1002.8  2958.5  30389.9    30425  1777549281222  1777549291337
read      221.4    93.5    86.8   140.2   151.5   209.3   237.7   254.6   267.0   281.2   298.9   330.6   410.2   908.5  3439.0  30400.8    30430  1777549292848  1777549302962
read      220.4    90.7    86.8   139.2   150.7   209.4   237.4   254.1   266.3   279.9   296.9   326.2   398.0   865.6  3372.7  30369.6    30435  1777549304474  1777549314588
