read      223.2    91.4    86.8   139.9   152.3   213.9   242.2   258.0   269.5   283.1   299.9   329.3   397.3   679.2  4098.7  30000.4    30030  1777549538948  1777549549062
read      224.2    81.0    93.8   144.5   156.9   214.9   242.1   257.9   269.2   282.3   297.6   323.4   385.8   808.4  3028.1  30230.7    30035  1777549550574  1777549560686
read      221.6    95.0    80.4   139.2   150.9   211.2   239.9   256.5   268.6   282.7   300.6   330.5   399.4   662.4  4112.0  30007.5    30040  1777549562198  1777549572313
read      221.1    81.9    86.8   139.1   150.9   210.6   238.5   255.1   267.5   281.6   299.4   330.4   403.5   774.2  2978.1  30066.2    30045  1777549573825  1777549583938
read      225.5   101.6    86.8   142.0   154.3   214.8   243.3   259.8   271.6   286.1   304.3   334.3   403.1   700.6  4368.6  30264.9    30050  1777549585450  1777549595563
read      222.4    82.8    93.8   140.9   152.9   211.6   239.4   255.8   268.3   282.8   301.5   333.3   406.2   700.1  3234.4  29947.7    30055  1777549597074  1777549607187
read      221.5    85.0    93.8   140.1   151.7   210.9   239.3   256.2   268.6   282.8   300.6   330.8   398.6   724.5  2908.5  30039.0    30060  1777549608699  1777549618810
read      221.3    92.8    93.8   140.5   151.9   210.8   239.1   255.8   268.1   282.0   299.2   328.8   397.7   618.6  3179.7  30067.2    30065  1777549620321  1777549630435
read      220.1    83.7    86.8   140.3   151.7   209.4   236.9   253.4   265.5   278.8   296.2   326.2   398.8   766.5  3084.7  30088.3    30070  1777549631948  1777549642067
read      220.2    81.7    93.8   143.2   154.9   210.2   237.1   253.4   265.1   277.6   293.7   317.7   372.3   858.2  3102.0  30068.0    30075  1777549643577  1777549653690
read      216.8    79.0    93.8   142.1   152.7   206.3   233.3   249.5   261.0   273.5   290.3   315.1   371.5   737.0  2792.4  30133.1    30080  1777549655200  1777549665323
read      216.2    76.1    93.8   144.9   155.4   206.6   231.7   246.7   257.2   269.9   286.0   310.5   366.0   733.8  2823.6  30154.9    30085  1777549666833  1777549676946
read      217.4    77.0    86.8   144.3   155.3   208.6   234.1   249.6   260.4   272.4   288.4   312.0   364.3   569.2  3015.0  30068.9    30090  1777549678457  1777549688570
read      218.0    92.0    86.8   137.9   150.1   208.0   235.5   252.1   263.9   276.4   293.0   318.0   383.1   795.5  4393.6  30136.5    30095  1777549690081  1777549700196
read      215.0    88.6    86.8   139.3   150.6   204.6   231.0   246.6   257.7   270.8   287.1   311.4   369.3   910.9  3623.1  30104.0    30100  1777549701707  1777549711822
read      217.4    99.8    93.8   143.1   154.1   208.1   233.4   248.8   259.9   272.4   289.1   313.8   369.5   590.6  2874.4  30067.8    30105  1777549713332  1777549723447
read      219.2    90.8    93.8   141.5   152.5   208.0   234.8   251.3   263.1   275.7   293.0   318.5   382.6  1182.4  3140.7  30114.1    30110  1777549724959  1777549735073
read      216.9    85.5    93.8   145.2   155.7   207.3   232.0   246.7   257.1   269.7   285.6   309.9   369.2   802.1  3162.5  30076.2    30115  1777549736584  1777549746699
read      214.5    72.6    86.8   137.0   148.5   204.2   232.5   249.4   261.4   274.2   291.1   315.6   371.9   623.4  2515.8  30106.1    30120  1777549748209  1777549758320
