read      218.0    82.8    86.8   136.3   148.6   207.1   235.3   252.4   264.7   278.2   296.0   325.2   402.8   726.3  3135.4  30425.1    30445  1777549327730  1777549337848
read      221.2    92.5    86.8   139.6   151.5   210.5   238.8   255.6   267.9   281.8   299.0   328.4   398.2   768.1  3224.9  30363.0    30450  1777549339359  1777549349473
read      219.3    79.4    93.8   143.4   154.3   209.2   236.2   252.7   264.7   277.7   294.5   319.4   374.9   550.1  3139.8  30472.8    30455  1777549350984  1777549361100
read      215.9    75.8    86.8   140.8   151.8   205.2   232.8   249.7   261.7   274.5   291.6   316.2   369.3   587.3  2802.1  30440.0    30460  1777549362610  1777549372723
read      221.0    87.0    93.8   144.2   155.4   210.9   237.0   253.3   265.2   278.2   295.0   320.6   381.3   677.6  3150.8  30400.2    30465  1777549374234  1777549384351
read      220.7    80.0    93.8   143.6   154.5   210.2   238.1   255.0   267.1   280.4   296.5   322.2   380.6   647.0  3304.5  30525.9    30470  1777549385863  1777549395980
read      219.1    71.6    93.8   143.1   154.5   210.0   235.9   252.1   263.5   275.5   292.5   317.9   376.4   637.0  2398.3  30525.4    30475  1777549397490  1777549407604
read      225.2    87.0    86.8   143.6   155.7   214.9   243.4   260.0   271.5   285.7   303.5   332.3   399.0   728.0  3242.5  30518.4    30480  1777549409116  1777549419231
read      223.7    86.8    93.8   145.5   157.2   213.3   239.1   254.3   266.2   279.5   296.7   326.5   404.7   742.7  3180.5  30396.1    30485  1777549420742  1777549430854
read      221.1    92.6    93.8   142.6   153.8   209.8   236.9   253.3   265.4   278.8   295.8   323.9   392.4   990.8  3225.5  30583.0    30490  1777549432365  1777549442496
read      215.2    83.5    93.8   140.9   151.7   204.6   230.6   245.9   257.0   270.4   287.7   314.5   377.2   790.4  3098.9  30461.9    30495  1777549444006  1777549454120
read      215.3    76.9    93.8   141.7   152.5   205.3   231.2   246.6   257.7   270.8   287.9   314.0   372.5   685.8  2737.5  30491.3    30500  1777549455631  1777549465746
Warning! Detected max cpu usage > 95%
CPU Usage Stats (avg/min/max): 80.43%,14.00%,100.00%
#type       avg     std     min      p5     p10     p50     p67     p75     p80     p85     p90     p95     p99    p999   p9999      QPS   target       ts_start         ts_end
read      223.9    87.6    86.8   143.0   154.9   213.5   241.8   258.2   269.7   283.4   300.2   328.5   400.0   800.3  3491.2  29987.6    30000  1777549469138  1777549479281
read      221.8    79.2    80.4   140.1   152.5   212.5   240.7   256.9   268.7   282.4   299.1   326.8   390.4   642.6  3058.5  30060.2    30005  1777549480791  1777549490925
read      215.4    91.3    86.8   139.9   151.0   204.2   230.6   246.2   257.2   270.5   287.6   314.1   380.0   962.8  3301.1  30134.4    30010  1777549492437  1777549502552
read      217.3    82.6    86.8   139.5   150.6   207.0   234.0   249.9   261.4   274.1   292.1   319.5   390.1   830.3  3231.6  30006.8    30015  1777549504063  1777549514178
read      222.3    87.3    80.4   141.4   153.1   212.0   239.8   255.7   267.4   280.8   297.4   326.3   400.6   789.5  3508.9  30022.2    30020  1777549515690  1777549525806
read      219.0    85.3    80.4   139.4   151.0   208.7   235.5   251.7   263.2   275.6   293.6   321.3   396.7   939.6  3025.5  30043.5    30025  1777549527320  1777549537436
